Start Time,End Time,Tag,Note,Tree Type,Is Success
2017-04-12T14:27:23.000+0800,2017-04-12T14:52:23.000+0800,未设定,完成订单详情商品列表,雪松,True
2017-04-12T15:00:56.000+0800,2017-04-12T15:25:56.000+0800,未设定,Planted in my browser,雪松,True
2017-04-12T15:43:13.000+0800,2017-04-12T16:08:13.000+0800,未设定,Planted in my browser,雪松,True
2017-04-12T16:12:35.000+0800,2017-04-12T16:37:35.000+0800,未设定,Planted in my browser,雪松,True
2017-04-12T16:44:54.000+0800,2017-04-12T17:09:54.000+0800,未设定,Planted in my browser,雪松,True
2017-04-12T17:11:47.000+0800,2017-04-12T17:36:47.000+0800,未设定,Planted in my browser,雪松,True
2017-04-12T17:45:50.000+0800,2017-04-12T18:10:50.000+0800,未设定,Planted in my browser,雪松,True
2017-04-12T21:38:56.000+0800,2017-04-12T22:08:05.000+0800,未设定,,雪松,True
2017-04-12T22:13:38.000+0800,2017-04-12T22:41:45.000+0800,未设定,,雪松,True
2017-04-12T22:47:03.000+0800,2017-04-12T23:32:43.000+0800,未设定,,雪松,True
2017-04-13T09:38:20.000+0800,2017-04-13T10:03:33.000+0800,未设定,,雪松,True
2017-04-13T10:22:37.000+0800,2017-04-13T10:47:54.000+0800,未设定,,雪松,True
2017-04-13T10:57:08.000+0800,2017-04-13T11:33:21.000+0800,未设定,,雪松,True
2017-04-13T11:34:07.000+0800,2017-04-13T11:59:07.000+0800,未设定,,雪松,True
2017-04-13T13:59:26.000+0800,2017-04-13T14:24:26.000+0800,未设定,Planted in my browser,雪松,True
2017-04-13T14:38:10.000+0800,2017-04-13T15:03:10.000+0800,未设定,Planted in my browser,雪松,True
2017-04-13T15:20:11.000+0800,2017-04-13T15:45:11.000+0800,未设定,Planted in my browser,雪松,True
2017-04-13T15:50:20.000+0800,2017-04-13T16:15:20.000+0800,未设定,Planted in my browser,雪松,True
2017-04-13T17:26:22.000+0800,2017-04-13T17:51:22.000+0800,未设定,Planted in my browser,雪松,True
2017-04-17T13:48:36.000+0800,2017-04-17T14:13:36.000+0800,未设定,Planted in my browser,雪松,True
2017-04-17T14:22:17.000+0800,2017-04-17T14:24:34.000+0800,未设定,,雪松,False
2017-04-17T14:29:17.000+0800,2017-04-17T14:56:34.000+0800,未设定,,雪松,True
2017-04-17T15:07:02.000+0800,2017-04-17T15:32:35.000+0800,未设定,,雪松,True
2017-04-17T15:37:58.000+0800,2017-04-17T16:09:09.000+0800,未设定,,雪松,True
2017-04-18T09:35:25.000+0800,2017-04-18T10:03:48.000+0800,未设定,,雪松,True
2017-04-18T10:09:05.000+0800,2017-04-18T10:34:26.000+0800,未设定,,雪松,True
2017-04-18T10:39:54.000+0800,2017-04-18T11:06:46.000+0800,未设定,,雪松,True
2017-04-19T10:15:47.000+0800,2017-04-19T10:40:57.000+0800,未设定,,章鱼,True
2017-04-19T10:46:19.000+0800,2017-04-19T11:21:39.000+0800,未设定,,章鱼,True
2017-04-19T11:21:44.000+0800,2017-04-19T11:46:59.000+0800,未设定,,章鱼,True
2017-04-19T14:00:46.000+0800,2017-04-19T15:04:00.000+0800,未设定,,章鱼,True
2017-04-19T15:04:10.000+0800,2017-04-19T17:04:10.000+0800,未设定,,章鱼,True
2017-04-20T09:26:13.000+0800,2017-04-20T09:51:32.000+0800,未设定,,章鱼,True
2017-04-20T09:57:01.000+0800,2017-04-20T10:45:18.000+0800,未设定,,章鱼,True
2017-04-20T10:45:27.000+0800,2017-04-20T11:16:04.000+0800,未设定,,章鱼,True
2017-04-20T11:23:43.000+0800,2017-04-20T12:02:21.000+0800,未设定,,章鱼,True
2017-04-20T14:10:14.000+0800,2017-04-20T14:39:12.000+0800,未设定,,章鱼,True
2017-04-20T15:52:18.000+0800,2017-04-20T17:52:18.000+0800,未设定,,章鱼,True
2017-04-21T14:20:23.000+0800,2017-04-21T15:12:15.000+0800,未设定,,章鱼,True
2017-04-21T15:12:23.000+0800,2017-04-21T15:22:23.000+0800,未设定,,小树丛,True
2017-04-21T17:52:24.000+0800,2017-04-21T18:17:32.000+0800,未设定,,小树丛,True
2017-04-23T14:17:01.000+0800,2017-04-23T14:42:08.000+0800,未设定,,雪松,True
2017-04-23T14:44:58.000+0800,2017-04-23T15:10:08.000+0800,未设定,,雪松,True
2017-04-24T09:30:01.000+0800,2017-04-24T09:55:06.000+0800,未设定,,雪松,True
2017-04-24T10:00:22.000+0800,2017-04-24T10:25:31.000+0800,未设定,,雪松,True
2017-04-24T10:30:17.000+0800,2017-04-24T10:55:17.000+0800,未设定,,雪松,True
2017-04-24T11:33:34.000+0800,2017-04-24T11:58:43.000+0800,未设定,,雪松,True
2017-04-24T13:30:33.000+0800,2017-04-24T13:55:48.000+0800,未设定,,雪松,True
2017-04-24T14:01:02.000+0800,2017-04-24T14:31:11.000+0800,未设定,,雪松,True
2017-04-24T14:38:17.000+0800,2017-04-24T15:04:06.000+0800,未设定,,雪松,True
2017-04-24T15:14:18.000+0800,2017-04-24T15:39:27.000+0800,未设定,,雪松,True
2017-04-24T15:44:56.000+0800,2017-04-24T16:10:03.000+0800,未设定,,雪松,True
2017-04-24T16:15:18.000+0800,2017-04-24T16:40:23.000+0800,未设定,,雪松,True
2017-04-24T16:45:43.000+0800,2017-04-24T17:10:52.000+0800,未设定,,雪松,True
2017-04-24T17:16:22.000+0800,2017-04-24T17:41:32.000+0800,未设定,,章鱼,True
2017-04-24T18:04:46.000+0800,2017-04-24T18:29:54.000+0800,未设定,,章鱼,True
2017-04-25T09:40:04.000+0800,2017-04-25T09:40:42.000+0800,未设定,,章鱼,False
2017-04-25T09:41:17.000+0800,2017-04-25T10:06:17.000+0800,未设定,,章鱼,True
2017-04-25T10:11:48.000+0800,2017-04-25T10:37:04.000+0800,未设定,,章鱼,True
2017-04-25T10:49:41.000+0800,2017-04-25T11:16:15.000+0800,未设定,,章鱼,True
2017-04-25T14:20:56.000+0800,2017-04-25T14:50:52.000+0800,未设定,,章鱼,True
2017-04-25T15:26:22.000+0800,2017-04-25T16:07:45.000+0800,未设定,,章鱼,True
2017-04-25T16:07:49.000+0800,2017-04-25T16:33:58.000+0800,未设定,,章鱼,True
2017-04-25T16:34:02.000+0800,2017-04-25T16:59:02.000+0800,未设定,,章鱼,True
2017-04-26T09:49:52.000+0800,2017-04-26T10:15:19.000+0800,未设定,,章鱼,True
2017-04-26T10:24:25.000+0800,2017-04-26T10:49:48.000+0800,未设定,,章鱼,True
2017-04-27T14:47:30.000+0800,2017-04-27T15:12:33.000+0800,未设定,,章鱼,True
2017-04-28T14:00:24.000+0800,2017-04-28T16:00:24.000+0800,未设定,,章鱼,True
2017-05-01T21:41:14.000+0800,2017-05-01T22:07:01.000+0800,未设定,,章鱼,True
2017-05-01T22:11:23.000+0800,2017-05-01T22:36:30.000+0800,未设定,,章鱼,True
2017-05-01T22:41:51.000+0800,2017-05-01T23:07:00.000+0800,未设定,,章鱼,True
2017-05-02T09:42:16.000+0800,2017-05-02T10:08:37.000+0800,未设定,,章鱼,True
2017-05-02T10:13:55.000+0800,2017-05-02T10:39:03.000+0800,未设定,,章鱼,True
2017-05-02T10:44:19.000+0800,2017-05-02T11:09:27.000+0800,未设定,,章鱼,True
2017-05-02T11:25:16.000+0800,2017-05-02T12:07:17.000+0800,未设定,,章鱼,True
2017-05-02T13:48:59.000+0800,2017-05-02T14:13:59.000+0800,未设定,,章鱼,True
2017-05-02T14:19:13.000+0800,2017-05-02T14:44:20.000+0800,未设定,,章鱼,True
2017-05-02T14:52:02.000+0800,2017-05-02T15:17:53.000+0800,未设定,,章鱼,True
2017-05-02T16:03:41.000+0800,2017-05-02T16:28:59.000+0800,未设定,,章鱼,True
2017-05-03T10:15:38.000+0800,2017-05-03T10:40:45.000+0800,未设定,,章鱼,True
2017-05-03T10:46:02.000+0800,2017-05-03T11:11:13.000+0800,未设定,,章鱼,True
2017-05-04T14:00:57.000+0800,2017-05-04T14:26:09.000+0800,未设定,,章鱼,True
2017-05-04T14:31:41.000+0800,2017-05-04T14:56:49.000+0800,未设定,,章鱼,True
2017-05-04T15:02:07.000+0800,2017-05-04T15:27:13.000+0800,未设定,,章鱼,True
2017-05-04T15:31:27.000+0800,2017-05-04T15:56:33.000+0800,未设定,,章鱼,True
2017-05-04T16:01:57.000+0800,2017-05-04T16:27:22.000+0800,未设定,,章鱼,True
2017-05-10T10:01:12.000+0800,2017-05-10T10:52:26.000+0800,未设定,,章鱼,True
2017-05-10T14:04:44.000+0800,2017-05-10T14:53:28.000+0800,未设定,,章鱼,True
2017-05-11T15:14:46.000+0800,2017-05-11T15:58:07.000+0800,未设定,,章鱼,True
2017-05-11T15:58:11.000+0800,2017-05-11T16:36:50.000+0800,未设定,,章鱼,True
2017-05-11T16:36:56.000+0800,2017-05-11T18:36:56.000+0800,未设定,,章鱼,True
2017-05-12T14:27:28.000+0800,2017-05-12T15:00:36.000+0800,未设定,,章鱼,True
2017-05-15T09:57:01.000+0800,2017-05-15T10:22:15.000+0800,未设定,,章鱼,True
2017-05-15T10:27:35.000+0800,2017-05-15T10:52:43.000+0800,未设定,,章鱼,True
2017-05-15T11:01:16.000+0800,2017-05-15T11:26:27.000+0800,未设定,,章鱼,True
2017-05-15T11:31:53.000+0800,2017-05-15T11:57:25.000+0800,未设定,,章鱼,True
2017-05-15T13:57:44.000+0800,2017-05-15T14:24:36.000+0800,未设定,,章鱼,True
2017-05-15T14:29:55.000+0800,2017-05-15T14:55:21.000+0800,未设定,,章鱼,True
2017-05-15T15:00:32.000+0800,2017-05-15T15:25:41.000+0800,未设定,,章鱼,True
2017-05-15T21:03:00.000+0800,2017-05-15T21:28:12.000+0800,未设定,,章鱼,True
2017-05-15T21:36:40.000+0800,2017-05-15T23:36:40.000+0800,未设定,,章鱼,True
2017-05-17T09:49:01.000+0800,2017-05-17T10:14:41.000+0800,未设定,,章鱼,True
2017-05-17T10:20:01.000+0800,2017-05-17T10:46:30.000+0800,未设定,,章鱼,True
2017-05-17T10:54:09.000+0800,2017-05-17T11:19:28.000+0800,未设定,,章鱼,True
2017-05-17T11:24:40.000+0800,2017-05-17T11:50:18.000+0800,未设定,,章鱼,True
2017-05-17T14:00:05.000+0800,2017-05-17T14:25:38.000+0800,未设定,,章鱼,True
2017-05-17T14:28:48.000+0800,2017-05-17T14:54:02.000+0800,未设定,,章鱼,True
2017-05-17T21:02:50.000+0800,2017-05-17T21:35:30.000+0800,未设定,,章鱼,True
2017-05-17T21:35:34.000+0800,2017-05-17T22:29:23.000+0800,未设定,,章鱼,True
2017-05-18T10:02:50.000+0800,2017-05-18T10:27:58.000+0800,未设定,,章鱼,True
2017-05-18T10:33:19.000+0800,2017-05-18T11:00:06.000+0800,未设定,,章鱼,True
2017-05-18T14:22:31.000+0800,2017-05-18T14:59:17.000+0800,未设定,,章鱼,True
2017-05-18T15:04:39.000+0800,2017-05-18T17:04:39.000+0800,未设定,,章鱼,True
2017-05-18T21:15:42.000+0800,2017-05-18T22:38:37.000+0800,未设定,,章鱼,True
2017-05-19T16:04:16.000+0800,2017-05-19T16:35:33.000+0800,未设定,,章鱼,True
2017-05-19T16:40:50.000+0800,2017-05-19T18:07:40.000+0800,未设定,,章鱼,True
2017-05-22T14:30:14.000+0800,2017-05-22T14:55:22.000+0800,未设定,,章鱼,True
2017-05-22T15:00:36.000+0800,2017-05-22T15:25:42.000+0800,未设定,,章鱼,True
2017-05-22T15:31:02.000+0800,2017-05-22T16:47:31.000+0800,未设定,,章鱼,True
2017-05-26T21:32:55.000+0800,2017-05-26T21:58:21.000+0800,未设定,,章鱼,True
2017-05-26T22:04:51.000+0800,2017-05-26T22:30:25.000+0800,未设定,,章鱼,True
2017-05-26T22:36:58.000+0800,2017-05-26T23:02:07.000+0800,未设定,,章鱼,True
2017-05-26T23:07:28.000+0800,2017-05-27T01:07:28.000+0800,未设定,,章鱼,True
2017-05-31T15:07:24.000+0800,2017-05-31T15:32:33.000+0800,未设定,,章鱼,True
2017-05-31T15:38:05.000+0800,2017-05-31T16:03:15.000+0800,未设定,,章鱼,True
2017-05-31T16:08:59.000+0800,2017-05-31T16:34:22.000+0800,未设定,,章鱼,True
2017-05-31T16:40:11.000+0800,2017-05-31T17:06:34.000+0800,未设定,,章鱼,True
2017-06-01T15:44:21.000+0800,2017-06-01T16:09:35.000+0800,未设定,,章鱼,True
2017-06-01T16:23:43.000+0800,2017-06-01T16:48:53.000+0800,未设定,,章鱼,True
2017-06-01T16:53:59.000+0800,2017-06-01T17:19:07.000+0800,未设定,,章鱼,True
2017-06-02T09:41:02.000+0800,2017-06-02T10:06:59.000+0800,未设定,,章鱼,True
2017-06-02T10:12:11.000+0800,2017-06-02T10:37:21.000+0800,未设定,,章鱼,True
2017-06-02T14:22:28.000+0800,2017-06-02T14:47:37.000+0800,未设定,,章鱼,True
2017-06-02T14:57:17.000+0800,2017-06-02T16:57:17.000+0800,未设定,,章鱼,True
2017-06-04T15:35:14.000+0800,2017-06-04T16:00:33.000+0800,未设定,,章鱼,True
2017-06-04T16:05:47.000+0800,2017-06-04T16:31:25.000+0800,未设定,,章鱼,True
2017-06-04T16:37:30.000+0800,2017-06-04T17:03:07.000+0800,未设定,,章鱼,True
2017-06-04T17:09:12.000+0800,2017-06-04T17:34:25.000+0800,未设定,,章鱼,True
2017-06-04T22:11:02.000+0800,2017-06-04T22:36:10.000+0800,未设定,,章鱼,True
2017-06-05T15:44:29.000+0800,2017-06-05T16:09:38.000+0800,未设定,,章鱼,True
2017-06-05T16:13:17.000+0800,2017-06-05T17:09:45.000+0800,未设定,,章鱼,True
2017-06-05T17:18:03.000+0800,2017-06-05T18:48:54.000+0800,未设定,,章鱼,True
2017-06-05T22:34:30.000+0800,2017-06-05T23:14:54.000+0800,未设定,,章鱼,True
2017-06-06T11:16:41.000+0800,2017-06-06T12:05:49.000+0800,未设定,,章鱼,True
2017-06-06T14:50:01.000+0800,2017-06-06T15:15:09.000+0800,未设定,,章鱼,True
2017-06-06T15:23:05.000+0800,2017-06-06T15:48:38.000+0800,未设定,,章鱼,True
2017-06-07T09:20:26.000+0800,2017-06-07T10:42:27.000+0800,未设定,,章鱼,True
2017-06-08T21:33:54.000+0800,2017-06-08T22:00:42.000+0800,未设定,,章鱼,True
2017-06-08T22:16:00.000+0800,2017-06-09T00:16:00.000+0800,未设定,,章鱼,True
2017-06-11T17:02:57.000+0800,2017-06-11T19:02:57.000+0800,未设定,,章鱼,True
2017-06-12T15:15:28.000+0800,2017-06-12T15:44:48.000+0800,未设定,,章鱼,True
2017-06-12T15:45:01.000+0800,2017-06-12T16:21:31.000+0800,未设定,,章鱼,True
2017-06-12T16:21:35.000+0800,2017-06-12T16:46:48.000+0800,未设定,,章鱼,True
2017-06-12T21:49:06.000+0800,2017-06-12T22:14:18.000+0800,未设定,,章鱼,True
2017-06-12T22:22:01.000+0800,2017-06-13T00:22:01.000+0800,未设定,,章鱼,True
2017-06-13T14:23:02.000+0800,2017-06-13T14:48:44.000+0800,未设定,,章鱼,True
2017-06-13T15:01:27.000+0800,2017-06-13T17:01:27.000+0800,未设定,,章鱼,True
2017-06-13T17:32:49.000+0800,2017-06-13T18:50:36.000+0800,未设定,,章鱼,True
2017-06-13T22:18:01.000+0800,2017-06-14T00:18:01.000+0800,未设定,,章鱼,True
2017-06-14T09:41:13.000+0800,2017-06-14T10:07:29.000+0800,未设定,,章鱼,True
2017-06-15T09:59:14.000+0800,2017-06-15T10:25:41.000+0800,未设定,,章鱼,True
2017-06-15T10:30:14.000+0800,2017-06-15T11:23:06.000+0800,未设定,,章鱼,True
2017-06-15T14:24:32.000+0800,2017-06-15T15:53:50.000+0800,未设定,,章鱼,True
2017-06-15T15:53:55.000+0800,2017-06-15T16:23:25.000+0800,未设定,,章鱼,True
2017-06-16T13:54:00.000+0800,2017-06-16T14:46:29.000+0800,未设定,,章鱼,True
2017-06-16T14:46:48.000+0800,2017-06-16T16:23:27.000+0800,未设定,,章鱼,True
2017-06-16T16:23:45.000+0800,2017-06-16T16:48:45.000+0800,未设定,,章鱼,True
2017-06-19T14:35:35.000+0800,2017-06-19T15:15:28.000+0800,未设定,,章鱼,True
2017-06-19T15:16:27.000+0800,2017-06-19T15:57:05.000+0800,未设定,,章鱼,True
2017-06-19T21:11:32.000+0800,2017-06-19T21:36:32.000+0800,未设定,,章鱼,True
2017-06-19T21:52:08.000+0800,2017-06-19T22:46:47.000+0800,未设定,,章鱼,True
2017-06-20T13:30:48.000+0800,2017-06-20T13:57:42.000+0800,未设定,,章鱼,True
2017-06-20T14:04:12.000+0800,2017-06-20T14:29:18.000+0800,未设定,,章鱼,True
2017-06-20T14:36:18.000+0800,2017-06-20T15:01:33.000+0800,未设定,,章鱼,True
2017-06-20T15:06:48.000+0800,2017-06-20T15:33:27.000+0800,未设定,,章鱼,True
2017-06-26T09:33:38.000+0800,2017-06-26T10:01:02.000+0800,未设定,,章鱼,True
2017-06-26T10:08:30.000+0800,2017-06-26T10:58:06.000+0800,未设定,,章鱼,True
2017-06-26T15:01:01.000+0800,2017-06-26T15:26:53.000+0800,未设定,,章鱼,True
2017-06-26T15:32:09.000+0800,2017-06-26T17:32:09.000+0800,未设定,,章鱼,True
2017-06-27T10:36:10.000+0800,2017-06-27T12:03:37.000+0800,未设定,,章鱼,True
2017-06-27T16:43:56.000+0800,2017-06-27T18:08:17.000+0800,未设定,,章鱼,True
2017-06-28T10:40:02.000+0800,2017-06-28T11:19:30.000+0800,未设定,,章鱼,True
2017-06-28T22:25:07.000+0800,2017-06-29T00:21:50.000+0800,未设定,,章鱼,True
2017-06-29T13:40:40.000+0800,2017-06-29T14:05:55.000+0800,未设定,,章鱼,True
2017-06-29T14:31:45.000+0800,2017-06-29T14:56:45.000+0800,未设定,Planted in my browser,雪松,True
2017-06-30T13:29:18.000+0800,2017-06-30T13:43:25.000+0800,未设定,Planted in my browser,雪松,False
2017-06-30T14:08:37.000+0800,2017-06-30T14:33:37.000+0800,未设定,Planted in my browser,雪松,True
2017-06-30T14:38:16.000+0800,2017-06-30T15:03:16.000+0800,未设定,Planted in my browser,雪松,True
2017-06-30T15:12:46.000+0800,2017-06-30T15:37:46.000+0800,未设定,Planted in my browser,雪松,True
2017-07-03T10:24:59.000+0800,2017-07-03T11:15:34.000+0800,未设定,,章鱼,True
2017-07-04T09:40:58.000+0800,2017-07-04T10:05:58.000+0800,未设定,Planted in my browser,雪松,True
2017-07-04T10:09:03.000+0800,2017-07-04T10:34:03.000+0800,未设定,Planted in my browser,雪松,True
2017-07-04T10:37:36.000+0800,2017-07-04T11:02:36.000+0800,未设定,Planted in my browser,雪松,True
2017-07-04T11:12:30.000+0800,2017-07-04T11:37:30.000+0800,未设定,Planted in my browser,雪松,True
2017-07-04T17:13:47.000+0800,2017-07-04T17:38:47.000+0800,未设定,Planted in my browser,雪松,True
2017-07-04T17:46:19.000+0800,2017-07-04T18:11:19.000+0800,未设定,Planted in my browser,雪松,True
2017-07-05T09:14:09.000+0800,2017-07-05T09:39:09.000+0800,未设定,Planted in my browser,雪松,True
2017-07-05T09:39:55.000+0800,2017-07-05T10:04:55.000+0800,未设定,Planted in my browser,雪松,True
2017-07-07T08:58:10.000+0800,2017-07-07T08:59:11.000+0800,未设定,,章鱼,False
2017-07-07T16:33:25.000+0800,2017-07-07T17:30:12.000+0800,未设定,,章鱼,True
2017-07-08T14:21:10.000+0800,2017-07-08T16:21:10.000+0800,未设定,,章鱼,True
2017-07-10T09:19:05.000+0800,2017-07-10T09:44:51.000+0800,未设定,,章鱼,True
2017-07-10T09:50:09.000+0800,2017-07-10T10:17:55.000+0800,未设定,,章鱼,True
2017-07-10T10:33:04.000+0800,2017-07-10T10:58:31.000+0800,未设定,,章鱼,True
2017-07-10T15:45:23.000+0800,2017-07-10T17:45:23.000+0800,未设定,,章鱼,True
2017-07-10T18:05:43.000+0800,2017-07-10T20:05:43.000+0800,未设定,,章鱼,True
2017-07-11T14:22:42.000+0800,2017-07-11T14:54:09.000+0800,未设定,,章鱼,True
2017-07-11T14:54:12.000+0800,2017-07-11T15:20:30.000+0800,未设定,,章鱼,True
2017-07-13T15:40:07.000+0800,2017-07-13T16:05:07.000+0800,未设定,Planted in my browser,雪松,True
2017-07-13T16:47:29.000+0800,2017-07-13T17:12:29.000+0800,未设定,Planted in my browser,雪松,True
2017-07-14T16:41:54.000+0800,2017-07-14T17:06:54.000+0800,未设定,Planted in my browser,雪松,True
2017-07-16T17:29:14.000+0800,2017-07-16T17:54:47.000+0800,未设定,,章鱼,True
2017-07-16T17:59:37.000+0800,2017-07-16T18:27:17.000+0800,未设定,,章鱼,True
2017-07-17T16:34:12.000+0800,2017-07-17T18:34:12.000+0800,未设定,,章鱼,True
2017-07-18T09:15:18.000+0800,2017-07-18T09:41:24.000+0800,未设定,,章鱼,True
2017-07-18T09:49:24.000+0800,2017-07-18T10:36:41.000+0800,未设定,,章鱼,True
2017-07-18T10:36:49.000+0800,2017-07-18T11:52:13.000+0800,未设定,,章鱼,True
2017-07-18T14:02:14.000+0800,2017-07-18T14:27:41.000+0800,未设定,,章鱼,True
2017-07-18T14:29:45.000+0800,2017-07-18T14:56:31.000+0800,未设定,,章鱼,True
2017-07-19T14:58:36.000+0800,2017-07-19T15:24:07.000+0800,未设定,,章鱼,True
2017-07-19T15:24:11.000+0800,2017-07-19T15:49:54.000+0800,未设定,,章鱼,True
2017-07-19T15:55:54.000+0800,2017-07-19T17:55:54.000+0800,未设定,,章鱼,True
2017-07-21T13:40:27.000+0800,2017-07-21T15:40:27.000+0800,未设定,,章鱼,True
2017-07-25T09:23:44.000+0800,2017-07-25T10:13:16.000+0800,未设定,,章鱼,True
2017-07-25T21:02:34.000+0800,2017-07-25T21:35:26.000+0800,未设定,,章鱼,True
2017-07-25T21:35:30.000+0800,2017-07-25T22:01:30.000+0800,未设定,,章鱼,True
2017-07-25T22:06:52.000+0800,2017-07-25T23:19:36.000+0800,未设定,,章鱼,True
2017-07-26T09:42:07.000+0800,2017-07-26T10:19:33.000+0800,未设定,,章鱼,True
2017-07-27T09:34:33.000+0800,2017-07-27T09:59:33.000+0800,未设定,Planted in my browser,雪松,True
2017-07-27T10:08:45.000+0800,2017-07-27T10:33:45.000+0800,未设定,Planted in my browser,雪松,True
2017-07-27T10:29:22.000+0800,2017-07-27T11:45:12.000+0800,未设定,,章鱼,True
2017-07-27T15:13:15.000+0800,2017-07-27T15:38:15.000+0800,未设定,Planted in my browser,雪松,True
2017-07-27T17:26:04.000+0800,2017-07-27T17:51:04.000+0800,未设定,Planted in my browser,雪松,True
2017-08-02T14:29:55.000+0800,2017-08-02T14:54:55.000+0800,未设定,Planted in my browser,雪松,True
2017-08-02T15:17:04.000+0800,2017-08-02T15:42:04.000+0800,未设定,Planted in my browser,雪松,True
2017-08-03T14:09:20.000+0800,2017-08-03T14:34:20.000+0800,未设定,Planted in my browser,雪松,True
2017-08-03T14:36:38.000+0800,2017-08-03T15:01:38.000+0800,未设定,Planted in my browser,雪松,True
2017-08-04T10:33:03.000+0800,2017-08-04T10:58:03.000+0800,未设定,Planted in my browser,雪松,True
2017-08-04T14:12:42.000+0800,2017-08-04T14:37:42.000+0800,未设定,Planted in my browser,雪松,True
2017-08-04T14:48:19.000+0800,2017-08-04T15:13:19.000+0800,未设定,Planted in my browser,雪松,True
2017-08-04T15:48:50.000+0800,2017-08-04T16:13:50.000+0800,未设定,Planted in my browser,雪松,True
2017-08-08T13:23:44.000+0800,2017-08-08T13:48:44.000+0800,未设定,Planted in my browser,雪松,True
2017-08-08T14:30:58.000+0800,2017-08-08T14:55:58.000+0800,未设定,Planted in my browser,雪松,True
2017-08-08T15:29:56.000+0800,2017-08-08T15:54:56.000+0800,未设定,Planted in my browser,雪松,True
2017-08-11T14:27:02.000+0800,2017-08-11T14:52:02.000+0800,未设定,Planted in my browser,雪松,True
2017-08-14T13:58:27.000+0800,2017-08-14T14:23:27.000+0800,未设定,Planted in my browser,雪松,True
2017-08-15T09:07:12.000+0800,2017-08-15T09:32:12.000+0800,未设定,Planted in my browser,雪松,True
2017-08-15T09:37:13.000+0800,2017-08-15T10:02:13.000+0800,未设定,Planted in my browser,雪松,True
2017-08-15T13:34:26.000+0800,2017-08-15T13:59:26.000+0800,未设定,Planted in my browser,雪松,True
2017-08-15T14:46:27.000+0800,2017-08-15T15:11:27.000+0800,未设定,Planted in my browser,雪松,True
2017-08-16T09:18:07.000+0800,2017-08-16T09:43:07.000+0800,未设定,Planted in my browser,雪松,True
2017-08-17T10:39:22.000+0800,2017-08-17T12:06:57.000+0800,未设定,,章鱼,True
2017-08-17T13:19:22.000+0800,2017-08-17T13:44:22.000+0800,未设定,Planted in my browser,雪松,True
2017-08-17T13:44:41.000+0800,2017-08-17T14:09:41.000+0800,未设定,Planted in my browser,雪松,True
2017-08-18T17:30:42.000+0800,2017-08-18T17:55:42.000+0800,未设定,Planted in my chrome,雪松,True
2017-08-21T13:10:21.000+0800,2017-08-21T13:35:21.000+0800,未设定,Planted in my chrome,雪松,True
2017-08-21T16:53:23.000+0800,2017-08-21T17:18:23.000+0800,未设定,Planted in my chrome,雪松,True
2017-08-22T09:49:11.000+0800,2017-08-22T10:14:11.000+0800,未设定,Planted in my chrome,雪松,True
2017-08-22T13:08:31.000+0800,2017-08-22T13:33:31.000+0800,未设定,Planted in my chrome,雪松,True
2017-08-22T14:12:52.000+0800,2017-08-22T14:43:08.000+0800,未设定,,章鱼,True
2017-08-22T17:17:38.000+0800,2017-08-22T17:50:33.000+0800,未设定,,章鱼,True
2017-08-22T17:53:11.000+0800,2017-08-22T19:03:43.000+0800,未设定,,章鱼,True
2017-08-23T09:29:56.000+0800,2017-08-23T09:55:08.000+0800,未设定,,章鱼,True
2017-08-23T10:03:45.000+0800,2017-08-23T10:38:06.000+0800,未设定,,章鱼,True
2017-08-23T10:38:12.000+0800,2017-08-23T11:03:12.000+0800,未设定,,章鱼,True
2017-08-23T11:06:50.000+0800,2017-08-23T11:34:31.000+0800,未设定,,章鱼,True
2017-08-23T11:34:35.000+0800,2017-08-23T11:59:35.000+0800,未设定,,章鱼,True
2017-08-23T14:02:31.000+0800,2017-08-23T14:34:37.000+0800,未设定,,章鱼,True
2017-08-23T14:34:40.000+0800,2017-08-23T15:27:25.000+0800,未设定,,章鱼,True
2017-08-23T15:27:30.000+0800,2017-08-23T15:52:41.000+0800,未设定,,章鱼,True
2017-08-23T17:02:26.000+0800,2017-08-23T18:08:36.000+0800,未设定,,柠檬树,True
2017-08-23T18:08:39.000+0800,2017-08-23T18:56:05.000+0800,未设定,,柠檬树,True
2017-08-24T09:36:38.000+0800,2017-08-24T10:01:38.000+0800,未设定,,柠檬树,True
2017-08-24T10:05:23.000+0800,2017-08-24T10:35:56.000+0800,未设定,,柠檬树,True
2017-08-24T10:36:00.000+0800,2017-08-24T11:05:33.000+0800,未设定,,柠檬树,True
2017-08-24T11:05:37.000+0800,2017-08-24T11:33:02.000+0800,未设定,,柠檬树,True
2017-08-24T11:33:07.000+0800,2017-08-24T11:58:13.000+0800,未设定,,柠檬树,True
2017-08-24T15:25:39.000+0800,2017-08-24T15:53:48.000+0800,未设定,,柠檬树,True
2017-08-24T16:08:38.000+0800,2017-08-24T17:07:43.000+0800,未设定,,柠檬树,True
2017-08-25T09:59:23.000+0800,2017-08-25T10:24:23.000+0800,未设定,,柠檬树,True
2017-08-25T13:12:30.000+0800,2017-08-25T13:38:43.000+0800,未设定,,柠檬树,True
2017-08-25T13:43:20.000+0800,2017-08-25T14:08:20.000+0800,未设定,,柠檬树,True
2017-08-28T13:22:12.000+0800,2017-08-28T13:58:59.000+0800,未设定,,柠檬树,True
2017-08-28T14:00:19.000+0800,2017-08-28T14:57:44.000+0800,未设定,,柠檬树,True
2017-08-29T09:59:58.000+0800,2017-08-29T10:35:48.000+0800,未设定,,柠檬树,True
2017-08-29T10:35:52.000+0800,2017-08-29T12:06:58.000+0800,未设定,,柠檬树,True
2017-08-29T14:09:14.000+0800,2017-08-29T16:09:14.000+0800,未设定,,柠檬树,True
2017-08-30T15:32:43.000+0800,2017-08-30T16:01:07.000+0800,未设定,,柠檬树,True
2017-08-30T16:01:59.000+0800,2017-08-30T18:01:59.000+0800,未设定,,柠檬树,True
2017-08-31T14:31:02.000+0800,2017-08-31T16:31:02.000+0800,未设定,,柠檬树,True
2017-09-01T13:36:10.000+0800,2017-09-01T14:01:15.000+0800,未设定,,柠檬树,True
2017-09-01T14:03:25.000+0800,2017-09-01T14:46:28.000+0800,未设定,,柠檬树,True
2017-09-01T14:46:32.000+0800,2017-09-01T16:33:41.000+0800,未设定,,柠檬树,True
2017-09-01T16:33:45.000+0800,2017-09-01T16:59:23.000+0800,未设定,,柠檬树,True
2017-09-06T10:02:02.000+0800,2017-09-06T12:02:02.000+0800,未设定,,柠檬树,True
2017-09-08T10:47:27.000+0800,2017-09-08T12:47:27.000+0800,未设定,,柠檬树,True
2017-09-11T15:01:28.000+0800,2017-09-11T16:46:41.000+0800,未设定,,柠檬树,True
2017-09-18T13:31:36.000+0800,2017-09-18T15:13:57.000+0800,未设定,,柠檬树,True
2017-09-19T10:04:43.000+0800,2017-09-19T11:53:05.000+0800,未设定,,柠檬树,True
2017-09-19T14:30:53.000+0800,2017-09-19T16:30:53.000+0800,未设定,,柠檬树,True
2017-09-20T10:10:37.000+0800,2017-09-20T11:47:06.000+0800,未设定,,柠檬树,True
2017-09-20T13:34:27.000+0800,2017-09-20T13:59:27.000+0800,未设定,在 Chrome 中种的树,雪松,True
2017-09-20T14:17:38.000+0800,2017-09-20T14:42:38.000+0800,未设定,在 Chrome 中种的树,雪松,True
2017-09-27T09:29:01.000+0800,2017-09-27T09:54:01.000+0800,未设定,在 Chrome 中种的树,雪松,True
2017-09-27T10:26:25.000+0800,2017-09-27T10:51:25.000+0800,未设定,在 Chrome 中种的树,雪松,True
2017-09-27T10:55:40.000+0800,2017-09-27T11:20:40.000+0800,未设定,在 Chrome 中种的树,雪松,True
2017-10-03T15:51:25.000+0800,2017-10-03T16:16:25.000+0800,未设定,,雪松,True
2017-10-03T16:23:01.000+0800,2017-10-03T16:23:05.000+0800,未设定,,雪松,False
2017-10-03T16:59:44.000+0800,2017-10-03T17:24:44.000+0800,未设定,,雪松,True
2017-10-07T14:44:18.000+0800,2017-10-07T15:09:18.000+0800,未设定,,雪松,True
2017-10-10T14:48:44.000+0800,2017-10-10T15:13:44.000+0800,未设定,,雪松,True
2017-10-10T22:11:46.000+0800,2017-10-10T22:36:46.000+0800,未设定,,雪松,True
2017-10-11T14:19:52.000+0800,2017-10-11T14:44:52.000+0800,未设定,,雪松,True
2017-10-12T10:23:19.000+0800,2017-10-12T10:48:19.000+0800,未设定,,雪松,True
2017-10-13T13:53:05.000+0800,2017-10-13T14:18:05.000+0800,未设定,,雪松,True
2017-10-13T14:22:56.000+0800,2017-10-13T14:47:56.000+0800,未设定,,雪松,True
2017-10-13T14:53:18.000+0800,2017-10-13T15:18:18.000+0800,未设定,,雪松,True
2017-10-16T14:45:07.000+0800,2017-10-16T15:10:07.000+0800,未设定,,雪松,True
2017-10-17T13:48:31.000+0800,2017-10-17T14:13:31.000+0800,未设定,在 Chrome 中种的树,雪松,True
2017-10-17T16:07:39.000+0800,2017-10-17T16:32:39.000+0800,未设定,在 Chrome 中种的树,雪松,True
2017-10-18T09:49:00.000+0800,2017-10-18T10:14:00.000+0800,未设定,,雪松,True
2017-10-18T16:27:52.000+0800,2017-10-18T16:52:52.000+0800,未设定,,雪松,True
2017-10-19T14:17:35.000+0800,2017-10-19T14:18:25.000+0800,未设定,,雪松,False
2017-10-19T14:52:35.000+0800,2017-10-19T14:54:46.000+0800,未设定,,雪松,False
2017-10-24T13:35:05.000+0800,2017-10-24T14:00:05.000+0800,未设定,,雪松,True
2017-10-24T14:02:37.000+0800,2017-10-24T14:27:37.000+0800,未设定,,雪松,True
2017-10-25T14:19:49.000+0800,2017-10-25T14:44:49.000+0800,未设定,,雪松,True
2017-10-26T09:06:42.000+0800,2017-10-26T09:31:42.000+0800,未设定,,雪松,True
2017-10-26T09:33:33.000+0800,2017-10-26T09:58:33.000+0800,未设定,,雪松,True
2017-10-27T13:31:47.000+0800,2017-10-27T13:56:47.000+0800,未设定,,雪松,True
2017-10-27T14:14:06.000+0800,2017-10-27T14:39:06.000+0800,未设定,,雪松,True
2017-10-30T14:28:37.000+0800,2017-10-30T14:53:37.000+0800,未设定,在 Chrome 中种的树,雪松,True
2017-10-31T15:38:39.000+0800,2017-10-31T16:03:39.000+0800,未设定,,雪松,True
2017-10-31T16:14:22.000+0800,2017-10-31T16:39:22.000+0800,未设定,,雪松,True
2017-10-31T22:01:07.000+0800,2017-10-31T22:26:07.000+0800,未设定,,雪松,True
2017-11-01T11:08:23.000+0800,2017-11-01T11:33:23.000+0800,未设定,,雪松,True
2017-11-01T13:27:28.000+0800,2017-11-01T13:52:28.000+0800,未设定,,雪松,True
2017-11-01T13:59:04.000+0800,2017-11-01T14:24:04.000+0800,未设定,,雪松,True
2017-11-01T14:33:11.000+0800,2017-11-01T14:58:11.000+0800,未设定,,雪松,True
2017-11-01T15:13:57.000+0800,2017-11-01T15:38:57.000+0800,未设定,,雪松,True
2017-11-02T11:05:28.000+0800,2017-11-02T11:30:28.000+0800,未设定,,雪松,True
2017-11-02T14:43:48.000+0800,2017-11-02T15:08:48.000+0800,未设定,,雪松,True
2017-11-02T16:04:20.000+0800,2017-11-02T16:29:20.000+0800,未设定,,雪松,True
2017-11-02T21:22:51.000+0800,2017-11-02T21:47:51.000+0800,未设定,,雪松,True
2017-11-03T11:21:16.000+0800,2017-11-03T11:46:16.000+0800,未设定,,雪松,True
2017-11-03T13:49:48.000+0800,2017-11-03T14:14:48.000+0800,未设定,,雪松,True
2017-11-06T09:29:21.000+0800,2017-11-06T09:54:21.000+0800,未设定,,雪松,True
2017-11-06T13:19:23.000+0800,2017-11-06T13:44:23.000+0800,未设定,,雪松,True
2017-11-06T17:03:41.000+0800,2017-11-06T17:28:41.000+0800,未设定,,雪松,True
2017-11-06T17:39:46.000+0800,2017-11-06T18:04:46.000+0800,未设定,,雪松,True
2017-11-07T09:52:56.000+0800,2017-11-07T10:17:56.000+0800,未设定,,雪松,True
2017-11-07T10:36:12.000+0800,2017-11-07T11:01:12.000+0800,未设定,,雪松,True
2017-11-08T13:00:18.000+0800,2017-11-08T13:25:18.000+0800,未设定,,雪松,True
2017-11-09T10:32:50.000+0800,2017-11-09T10:57:50.000+0800,未设定,,雪松,True
2017-11-09T13:26:46.000+0800,2017-11-09T13:51:46.000+0800,未设定,,雪松,True
2017-11-09T15:15:18.000+0800,2017-11-09T15:40:18.000+0800,未设定,,雪松,True
2017-11-13T10:38:04.000+0800,2017-11-13T11:03:04.000+0800,未设定,,雪松,True
2017-11-13T11:12:09.000+0800,2017-11-13T11:37:09.000+0800,未设定,,雪松,True
2017-11-13T14:01:34.000+0800,2017-11-13T14:26:34.000+0800,未设定,,雪松,True
2017-11-13T14:58:19.000+0800,2017-11-13T15:23:19.000+0800,未设定,,雪松,True
2017-11-13T18:06:12.000+0800,2017-11-13T18:31:12.000+0800,未设定,,雪松,True
2017-11-14T09:51:27.000+0800,2017-11-14T10:16:27.000+0800,未设定,,雪松,True
2017-11-14T14:34:06.000+0800,2017-11-14T14:59:06.000+0800,未设定,,雪松,True
2017-11-14T15:08:38.000+0800,2017-11-14T15:33:38.000+0800,未设定,,雪松,True
2017-11-15T09:18:37.000+0800,2017-11-15T09:43:37.000+0800,未设定,,雪松,True
2017-11-15T09:53:05.000+0800,2017-11-15T10:18:05.000+0800,未设定,,雪松,True
2017-11-15T14:04:57.000+0800,2017-11-15T14:29:57.000+0800,未设定,,雪松,True
2017-11-15T15:08:27.000+0800,2017-11-15T15:33:27.000+0800,未设定,,雪松,True
2017-11-15T16:05:51.000+0800,2017-11-15T16:30:51.000+0800,未设定,,雪松,True
2017-11-15T17:38:56.000+0800,2017-11-15T18:03:56.000+0800,未设定,,雪松,True
2017-11-16T09:58:41.000+0800,2017-11-16T10:23:41.000+0800,未设定,,雪松,True
2017-11-16T10:24:13.000+0800,2017-11-16T10:49:13.000+0800,未设定,,雪松,True
2017-11-16T17:20:10.000+0800,2017-11-16T17:45:10.000+0800,未设定,,雪松,True
2017-11-16T17:56:13.000+0800,2017-11-16T18:21:13.000+0800,未设定,,雪松,True
2017-11-17T10:36:11.000+0800,2017-11-17T11:01:11.000+0800,未设定,,雪松,True
2017-11-17T11:07:16.000+0800,2017-11-17T11:32:16.000+0800,未设定,,雪松,True
2017-11-17T14:10:52.000+0800,2017-11-17T14:35:52.000+0800,未设定,,雪松,True
2017-11-17T14:48:13.000+0800,2017-11-17T15:23:37.000+0800,未设定,,雪松,True
2017-11-17T15:31:45.000+0800,2017-11-17T16:14:16.000+0800,未设定,,雪松,True
2017-11-17T16:14:17.000+0800,2017-11-17T18:14:17.000+0800,未设定,,雪松,True
2017-11-20T13:29:54.000+0800,2017-11-20T13:54:54.000+0800,未设定,在 Chrome 中种的树,雪松,True
2017-11-20T14:59:00.000+0800,2017-11-20T15:24:00.000+0800,未设定,在 Chrome 中种的树,雪松,True
2017-11-20T15:39:09.000+0800,2017-11-20T16:04:09.000+0800,未设定,在 Chrome 中种的树,雪松,True
2017-11-20T16:29:26.000+0800,2017-11-20T16:54:26.000+0800,未设定,在 Chrome 中种的树,雪松,True
2017-11-21T10:59:27.000+0800,2017-11-21T11:27:54.000+0800,未设定,,雪松,True
2017-11-21T11:27:58.000+0800,2017-11-21T12:05:28.000+0800,未设定,,雪松,True
2017-11-21T13:03:30.000+0800,2017-11-21T13:29:53.000+0800,未设定,,雪松,True
2017-11-21T13:35:52.000+0800,2017-11-21T14:13:41.000+0800,未设定,,雪松,True
2017-11-21T14:13:46.000+0800,2017-11-21T14:42:06.000+0800,未设定,,雪松,True
2017-11-21T15:08:17.000+0800,2017-11-21T15:38:49.000+0800,未设定,,雪松,True
2017-11-21T15:38:50.000+0800,2017-11-21T16:13:56.000+0800,未设定,,雪松,True
2017-11-21T16:13:57.000+0800,2017-11-21T17:40:39.000+0800,未设定,,雪松,True
2017-11-21T21:21:53.000+0800,2017-11-21T21:48:56.000+0800,未设定,,雪松,True
2017-11-22T10:10:50.000+0800,2017-11-22T10:35:50.000+0800,未设定,,雪松,True
2017-11-26T15:02:46.000+0800,2017-11-26T16:50:05.000+0800,未设定,,雪松,True
2017-11-26T16:50:06.000+0800,2017-11-26T17:22:01.000+0800,未设定,,雪松,True
2017-11-26T17:32:09.000+0800,2017-11-26T19:26:22.000+0800,未设定,,雪松,True
2017-11-29T10:12:19.000+0800,2017-11-29T10:39:08.000+0800,未设定,,雪松,True
2017-11-29T10:39:09.000+0800,2017-11-29T11:07:33.000+0800,未设定,,雪松,True
2017-11-29T13:01:45.000+0800,2017-11-29T13:29:49.000+0800,未设定,,雪松,True
2017-11-29T13:29:50.000+0800,2017-11-29T14:06:55.000+0800,未设定,,雪松,True
2017-11-29T14:08:31.000+0800,2017-11-29T14:46:32.000+0800,未设定,,樱花,True
2017-11-29T14:46:36.000+0800,2017-11-29T15:26:16.000+0800,未设定,,樱花,True
2017-12-11T17:06:25.000+0800,2017-12-11T17:31:25.000+0800,未设定,在 Chrome 中种的树,雪松,True
2017-12-11T17:32:37.000+0800,2017-12-11T17:57:37.000+0800,未设定,在 Chrome 中种的树,雪松,True
2017-12-12T13:19:40.000+0800,2017-12-12T13:44:40.000+0800,未设定,,雪松,True
2017-12-12T13:58:10.000+0800,2017-12-12T14:23:10.000+0800,未设定,,雪松,True
2017-12-12T14:33:56.000+0800,2017-12-12T14:58:56.000+0800,未设定,,雪松,True
2017-12-12T15:10:44.000+0800,2017-12-12T15:35:44.000+0800,未设定,,雪松,True
2017-12-12T18:20:20.000+0800,2017-12-12T18:45:20.000+0800,未设定,,雪松,True
2017-12-13T09:59:27.000+0800,2017-12-13T10:24:27.000+0800,未设定,,雪松,True
2017-12-13T10:25:03.000+0800,2017-12-13T10:50:03.000+0800,未设定,,雪松,True
2017-12-13T10:52:38.000+0800,2017-12-13T11:17:38.000+0800,未设定,,柠檬树,True
2017-12-13T11:23:30.000+0800,2017-12-13T11:48:30.000+0800,未设定,,柠檬树,True
2017-12-13T14:39:57.000+0800,2017-12-13T15:04:57.000+0800,未设定,,柠檬树,True
2017-12-13T15:05:28.000+0800,2017-12-13T15:30:28.000+0800,未设定,,柠檬树,True
2017-12-13T15:35:40.000+0800,2017-12-13T16:00:40.000+0800,未设定,,柠檬树,True
2017-12-13T16:04:27.000+0800,2017-12-13T16:29:27.000+0800,未设定,,柠檬树,True
2017-12-13T16:38:07.000+0800,2017-12-13T17:03:07.000+0800,未设定,,柠檬树,True
2017-12-13T17:10:28.000+0800,2017-12-13T17:35:28.000+0800,未设定,,柠檬树,True
2017-12-14T10:17:34.000+0800,2017-12-14T10:42:34.000+0800,未设定,,柠檬树,True
2017-12-14T14:18:00.000+0800,2017-12-14T14:43:00.000+0800,未设定,,柠檬树,True
2017-12-14T14:46:19.000+0800,2017-12-14T15:11:19.000+0800,未设定,,柠檬树,True
2017-12-17T16:33:25.000+0800,2017-12-17T16:58:25.000+0800,未设定,,柠檬树,True
2017-12-18T13:34:53.000+0800,2017-12-18T13:59:53.000+0800,未设定,,柠檬树,True
2017-12-18T14:02:22.000+0800,2017-12-18T14:20:11.000+0800,未设定,,柠檬树,False
2017-12-18T16:58:15.000+0800,2017-12-18T17:23:15.000+0800,未设定,,柠檬树,True
2017-12-19T14:40:02.000+0800,2017-12-19T15:05:02.000+0800,未设定,,柠檬树,True
2017-12-19T15:08:44.000+0800,2017-12-19T15:33:44.000+0800,未设定,,柠檬树,True
2017-12-19T15:51:33.000+0800,2017-12-19T16:16:33.000+0800,未设定,,柠檬树,True
2017-12-19T17:25:03.000+0800,2017-12-19T19:00:50.000+0800,未设定,,柠檬树,True
2017-12-20T14:24:33.000+0800,2017-12-20T14:50:37.000+0800,未设定,,柠檬树,True
2017-12-20T14:50:38.000+0800,2017-12-20T15:19:18.000+0800,未设定,,柠檬树,True
2017-12-20T15:26:22.000+0800,2017-12-20T16:00:20.000+0800,未设定,,樱花,True
2017-12-20T16:00:22.000+0800,2017-12-20T16:39:30.000+0800,未设定,,樱花,True
2017-12-21T10:31:57.000+0800,2017-12-21T10:57:11.000+0800,未设定,,樱花,True
2017-12-21T11:06:31.000+0800,2017-12-21T11:32:04.000+0800,未设定,,樱花,True
2017-12-21T11:32:06.000+0800,2017-12-21T12:01:38.000+0800,未设定,,樱花,True
2017-12-21T13:54:31.000+0800,2017-12-21T14:21:48.000+0800,未设定,,樱花,True
2017-12-21T14:21:52.000+0800,2017-12-21T14:48:05.000+0800,未设定,,樱花,True
2017-12-21T14:48:06.000+0800,2017-12-21T15:20:53.000+0800,未设定,,樱花,True
2017-12-21T15:20:55.000+0800,2017-12-21T15:47:32.000+0800,未设定,,樱花,True
2017-12-21T16:46:01.000+0800,2017-12-21T17:14:50.000+0800,未设定,,樱花,True
2017-12-21T17:14:51.000+0800,2017-12-21T17:47:44.000+0800,未设定,,樱花,True
2017-12-21T17:53:20.000+0800,2017-12-21T18:25:03.000+0800,未设定,,樱花,True
2017-12-21T21:41:03.000+0800,2017-12-21T22:38:10.000+0800,未设定,,樱花,True
2017-12-22T10:07:04.000+0800,2017-12-22T10:32:59.000+0800,未设定,,樱花,True
2017-12-22T10:34:45.000+0800,2017-12-22T11:05:12.000+0800,未设定,,樱花,True
2017-12-22T11:05:13.000+0800,2017-12-22T12:03:21.000+0800,未设定,,樱花,True
2017-12-25T13:21:29.000+0800,2017-12-25T13:55:19.000+0800,未设定,,樱花,True
2017-12-25T13:55:21.000+0800,2017-12-25T14:21:11.000+0800,未设定,,樱花,True
2017-12-25T14:31:37.000+0800,2017-12-25T15:37:37.000+0800,未设定,,樱花,True
2017-12-25T15:37:39.000+0800,2017-12-25T17:09:44.000+0800,未设定,,樱花,True
2017-12-26T14:06:12.000+0800,2017-12-26T16:06:12.000+0800,未设定,,樱花,True
2017-12-27T10:00:16.000+0800,2017-12-27T10:25:39.000+0800,未设定,,樱花,True
2017-12-27T10:46:51.000+0800,2017-12-27T11:12:45.000+0800,未设定,,樱花,True
2017-12-27T11:12:45.000+0800,2017-12-27T13:12:45.000+0800,未设定,,樱花,True
2017-12-27T15:39:18.000+0800,2017-12-27T16:04:37.000+0800,未设定,,樱花,True
2017-12-27T16:04:38.000+0800,2017-12-27T16:39:20.000+0800,未设定,,樱花,True
2017-12-28T09:54:39.000+0800,2017-12-28T10:26:01.000+0800,未设定,,樱花,True
2017-12-28T10:50:01.000+0800,2017-12-28T12:18:58.000+0800,未设定,,樱花,True
2017-12-28T14:48:10.000+0800,2017-12-28T15:27:14.000+0800,未设定,,樱花,True
2017-12-28T15:27:14.000+0800,2017-12-28T17:27:14.000+0800,未设定,,樱花,True
2017-12-29T10:39:43.000+0800,2017-12-29T12:06:27.000+0800,未设定,,樱花,True
2017-12-29T13:35:20.000+0800,2017-12-29T14:14:07.000+0800,未设定,,樱花,True
2017-12-29T14:21:09.000+0800,2017-12-29T16:09:34.000+0800,未设定,,樱花,True
2018-01-04T09:42:08.000+0800,2018-01-04T11:04:49.000+0800,未设定,,樱花,True
2018-01-04T14:48:15.000+0800,2018-01-04T15:13:33.000+0800,未设定,,樱花,True
2018-01-04T15:13:34.000+0800,2018-01-04T15:57:26.000+0800,未设定,,樱花,True
2018-01-04T16:16:54.000+0800,2018-01-04T16:54:19.000+0800,未设定,,樱花,True
2018-01-05T09:13:31.000+0800,2018-01-05T09:43:38.000+0800,未设定,,樱花,True
2018-01-05T09:45:59.000+0800,2018-01-05T10:22:51.000+0800,未设定,,樱花,True
2018-01-05T10:27:33.000+0800,2018-01-05T10:59:04.000+0800,未设定,,樱花,True
2018-01-05T11:07:52.000+0800,2018-01-05T11:33:19.000+0800,未设定,,樱花,True
2018-01-05T11:33:28.000+0800,2018-01-05T12:06:44.000+0800,未设定,,樱花,True
2018-01-05T13:02:44.000+0800,2018-01-05T13:32:03.000+0800,未设定,,樱花,True
2018-01-05T13:32:04.000+0800,2018-01-05T13:57:29.000+0800,未设定,,樱花,True
2018-01-05T14:03:09.000+0800,2018-01-05T14:43:33.000+0800,未设定,,樱花,True
2018-01-08T14:01:20.000+0800,2018-01-08T14:45:14.000+0800,未设定,,樱花,True
2018-01-09T13:19:37.000+0800,2018-01-09T13:52:32.000+0800,未设定,,樱花,True
2018-01-09T13:58:59.000+0800,2018-01-09T14:23:59.000+0800,未设定,,樱花,True
2018-01-10T15:51:27.000+0800,2018-01-10T16:43:32.000+0800,未设定,,樱花,True
2018-01-10T17:25:59.000+0800,2018-01-10T19:25:59.000+0800,未设定,,樱花,True
2018-01-11T09:06:17.000+0800,2018-01-11T09:44:22.000+0800,未设定,,樱花,True
2018-01-11T10:53:09.000+0800,2018-01-11T11:21:49.000+0800,未设定,,樱花,True
2018-01-11T11:21:49.000+0800,2018-01-11T11:46:59.000+0800,未设定,,樱花,True
2018-01-11T13:33:17.000+0800,2018-01-11T14:32:27.000+0800,未设定,,樱花,True
2018-01-11T15:24:10.000+0800,2018-01-11T16:41:18.000+0800,未设定,,樱花,True
2018-01-11T17:13:33.000+0800,2018-01-11T19:13:33.000+0800,未设定,,樱花,True
2018-01-12T09:03:10.000+0800,2018-01-12T09:33:48.000+0800,未设定,,樱花,True
2018-01-12T09:33:49.000+0800,2018-01-12T10:08:19.000+0800,未设定,,樱花,True
2018-01-12T10:09:13.000+0800,2018-01-12T10:34:28.000+0800,未设定,,樱花,True
2018-01-12T10:40:23.000+0800,2018-01-12T11:10:20.000+0800,未设定,,糖果树,True
2018-01-12T11:10:21.000+0800,2018-01-12T12:06:34.000+0800,未设定,,糖果树,True
2018-01-12T16:03:03.000+0800,2018-01-12T16:50:14.000+0800,未设定,,糖果树,True
2018-01-12T17:07:46.000+0800,2018-01-12T18:06:26.000+0800,未设定,,枫树,True
2018-01-12T18:21:29.000+0800,2018-01-12T19:09:47.000+0800,未设定,,枫树,True
2018-01-14T12:49:21.000+0800,2018-01-14T13:33:42.000+0800,未设定,,枫树,True
2018-01-14T13:33:47.000+0800,2018-01-14T14:14:44.000+0800,未设定,,枫树,True
2018-01-14T14:14:44.000+0800,2018-01-14T14:49:25.000+0800,未设定,,枫树,True
2018-01-14T14:49:27.000+0800,2018-01-14T16:49:27.000+0800,未设定,,枫树,True
2018-01-14T21:36:29.000+0800,2018-01-14T22:07:49.000+0800,未设定,,枫树,True
2018-01-14T22:16:39.000+0800,2018-01-14T22:54:41.000+0800,未设定,,枫树,True
2018-01-15T13:18:48.000+0800,2018-01-15T14:03:43.000+0800,未设定,,枫树,True
2018-01-15T14:03:44.000+0800,2018-01-15T16:03:44.000+0800,未设定,,枫树,True
2018-01-15T17:12:17.000+0800,2018-01-15T17:55:10.000+0800,未设定,,枫树,True
2018-01-15T18:47:55.000+0800,2018-01-15T19:19:12.000+0800,未设定,,枫树,True
2018-01-16T09:01:41.000+0800,2018-01-16T09:32:08.000+0800,未设定,,枫树,True
2018-01-16T09:32:29.000+0800,2018-01-16T09:57:29.000+0800,未设定,,枫树,True
2018-01-16T10:05:01.000+0800,2018-01-16T10:47:17.000+0800,未设定,,枫树,True
2018-01-16T13:10:22.000+0800,2018-01-16T13:37:13.000+0800,未设定,,枫树,True
2018-01-16T13:44:05.000+0800,2018-01-16T14:14:40.000+0800,未设定,,枫树,True
2018-01-16T14:14:41.000+0800,2018-01-16T14:45:27.000+0800,未设定,,枫树,True
2018-01-16T15:01:19.000+0800,2018-01-16T15:36:21.000+0800,未设定,,枫树,True
2018-01-16T16:06:09.000+0800,2018-01-16T16:49:30.000+0800,未设定,,枫树,True
2018-01-16T16:49:31.000+0800,2018-01-16T18:17:16.000+0800,未设定,,枫树,True
2018-01-16T18:28:29.000+0800,2018-01-16T18:58:16.000+0800,未设定,,枫树,True
2018-01-17T09:23:44.000+0800,2018-01-17T11:23:44.000+0800,未设定,,枫树,True
2018-01-17T13:05:43.000+0800,2018-01-17T13:57:47.000+0800,未设定,,枫树,True
2018-01-17T13:57:49.000+0800,2018-01-17T14:54:00.000+0800,未设定,,枫树,True
2018-01-17T14:54:02.000+0800,2018-01-17T16:01:29.000+0800,未设定,,枫树,True
2018-01-17T16:38:10.000+0800,2018-01-17T18:38:10.000+0800,未设定,,枫树,True
2018-01-18T09:54:53.000+0800,2018-01-18T10:32:11.000+0800,未设定,,枫树,True
2018-01-18T10:32:12.000+0800,2018-01-18T11:10:10.000+0800,未设定,,枫树,True
2018-01-18T11:10:58.000+0800,2018-01-18T13:10:58.000+0800,未设定,,枫树,True
2018-01-18T16:40:03.000+0800,2018-01-18T17:16:10.000+0800,未设定,,枫树,True
2018-01-18T17:16:47.000+0800,2018-01-18T19:16:47.000+0800,未设定,,枫树,True
2018-01-18T20:01:04.000+0800,2018-01-18T20:29:02.000+0800,未设定,,枫树,True
2018-01-19T10:31:27.000+0800,2018-01-19T11:47:54.000+0800,未设定,,枫树,True
2018-01-19T15:23:47.000+0800,2018-01-19T15:48:47.000+0800,未设定,在 Chrome 中种的树,雪松,True
2018-01-19T16:01:42.000+0800,2018-01-19T16:26:42.000+0800,未设定,在 Chrome 中种的树,雪松,True
2018-01-19T17:07:04.000+0800,2018-01-19T17:32:04.000+0800,未设定,在 Chrome 中种的树,雪松,True
2018-01-19T17:38:38.000+0800,2018-01-19T18:03:38.000+0800,未设定,在 Chrome 中种的树,雪松,True
2018-01-19T19:52:29.000+0800,2018-01-19T20:17:29.000+0800,未设定,在 Chrome 中种的树,雪松,True
2018-01-20T14:52:33.000+0800,2018-01-20T15:22:23.000+0800,未设定,,枫树,True
2018-01-20T15:22:24.000+0800,2018-01-20T17:22:24.000+0800,未设定,,枫树,True
2018-01-21T11:42:00.000+0800,2018-01-21T13:42:00.000+0800,未设定,,枫树,True
2018-01-21T14:31:00.000+0800,2018-01-21T15:05:35.000+0800,未设定,,枫树,True
2018-01-21T15:05:36.000+0800,2018-01-21T15:42:41.000+0800,未设定,,枫树,True
2018-01-21T15:42:42.000+0800,2018-01-21T17:42:42.000+0800,未设定,,枫树,True
2018-01-22T09:27:02.000+0800,2018-01-22T11:23:39.000+0800,未设定,,枫树,True
2018-01-22T13:09:41.000+0800,2018-01-22T13:38:59.000+0800,未设定,,枫树,True
2018-01-22T13:39:00.000+0800,2018-01-22T14:07:13.000+0800,未设定,,枫树,True
2018-01-22T14:07:46.000+0800,2018-01-22T14:32:46.000+0800,未设定,,雪松,True
2018-01-22T14:37:39.000+0800,2018-01-22T15:02:39.000+0800,未设定,在 Chrome 中种的树,雪松,True
2018-01-22T15:08:13.000+0800,2018-01-22T15:33:13.000+0800,未设定,在 Chrome 中种的树,雪松,True
2018-01-22T15:36:14.000+0800,2018-01-22T16:01:14.000+0800,未设定,在 Chrome 中种的树,雪松,True
2018-01-22T16:40:03.000+0800,2018-01-22T17:05:03.000+0800,未设定,在 Chrome 中种的树,雪松,True
2018-01-22T17:06:44.000+0800,2018-01-22T17:31:44.000+0800,未设定,在 Chrome 中种的树,雪松,True
2018-01-22T17:37:54.000+0800,2018-01-22T18:02:54.000+0800,未设定,在 Chrome 中种的树,雪松,True
2018-01-23T09:38:57.000+0800,2018-01-23T10:03:57.000+0800,未设定,在 Chrome 中种的树,雪松,True
2018-01-23T10:33:03.000+0800,2018-01-23T10:58:03.000+0800,未设定,在 Chrome 中种的树,雪松,True
2018-01-23T13:53:04.000+0800,2018-01-23T13:54:23.000+0800,未设定,在 Chrome 中种的树,雪松,False
2018-01-23T14:31:17.000+0800,2018-01-23T14:59:33.000+0800,未设定,,枫树,True
2018-01-23T14:59:53.000+0800,2018-01-23T15:44:14.000+0800,未设定,,枫树,True
2018-01-23T15:44:15.000+0800,2018-01-23T16:32:07.000+0800,未设定,,枫树,True
2018-01-24T08:56:45.000+0800,2018-01-24T09:33:57.000+0800,未设定,,枫树,True
2018-01-24T09:33:58.000+0800,2018-01-24T10:08:47.000+0800,未设定,,枫树,True
2018-01-24T10:29:26.000+0800,2018-01-24T10:57:17.000+0800,未设定,,枫树,True
2018-01-24T10:59:42.000+0800,2018-01-24T11:29:18.000+0800,未设定,,枫树,True
2018-01-24T11:31:23.000+0800,2018-01-24T12:04:38.000+0800,未设定,,枫树,True
2018-01-24T13:15:59.000+0800,2018-01-24T13:43:05.000+0800,未设定,,枫树,True
2018-01-24T13:48:02.000+0800,2018-01-24T14:14:27.000+0800,未设定,,枫树,True
2018-01-24T14:14:28.000+0800,2018-01-24T14:51:27.000+0800,未设定,,枫树,True
2018-01-24T14:51:28.000+0800,2018-01-24T15:38:04.000+0800,未设定,,枫树,True
2018-01-24T15:38:04.000+0800,2018-01-24T16:14:26.000+0800,未设定,,枫树,True
2018-01-24T16:15:50.000+0800,2018-01-24T16:47:10.000+0800,未设定,,枫树,True
2018-01-24T17:07:59.000+0800,2018-01-24T18:25:09.000+0800,未设定,,枫树,True
2018-01-25T13:04:04.000+0800,2018-01-25T13:32:30.000+0800,未设定,,枫树,True
2018-01-25T13:33:33.000+0800,2018-01-25T14:03:23.000+0800,未设定,,枫树,True
2018-01-25T14:03:23.000+0800,2018-01-25T14:37:01.000+0800,未设定,,枫树,True
2018-01-25T14:37:02.000+0800,2018-01-25T15:06:08.000+0800,未设定,,枫树,True
2018-01-25T15:06:11.000+0800,2018-01-25T17:05:04.000+0800,未设定,,枫树,True
2018-01-25T18:54:49.000+0800,2018-01-25T19:23:21.000+0800,未设定,,枫树,True
2018-01-25T19:23:27.000+0800,2018-01-25T20:46:15.000+0800,未设定,,小树丛,True
2018-01-26T09:06:43.000+0800,2018-01-26T09:36:53.000+0800,未设定,,雪松,True
2018-01-26T09:36:54.000+0800,2018-01-26T10:02:42.000+0800,未设定,,雪松,True
2018-01-26T10:03:01.000+0800,2018-01-26T10:33:24.000+0800,未设定,,雪松,True
2018-01-26T10:33:25.000+0800,2018-01-26T11:14:56.000+0800,未设定,,雪松,True
2018-01-26T13:27:03.000+0800,2018-01-26T14:22:18.000+0800,未设定,,雪松,True
2018-01-26T14:22:19.000+0800,2018-01-26T15:02:01.000+0800,未设定,,雪松,True
2018-01-26T15:02:02.000+0800,2018-01-26T15:36:57.000+0800,未设定,,雪松,True
2018-01-26T15:36:58.000+0800,2018-01-26T17:28:24.000+0800,未设定,,雪松,True
2018-01-26T19:15:22.000+0800,2018-01-26T19:58:37.000+0800,未设定,,雪松,True
2018-01-27T12:47:15.000+0800,2018-01-27T13:13:34.000+0800,未设定,,雪松,True
2018-01-27T13:25:04.000+0800,2018-01-27T13:56:15.000+0800,未设定,,雪松,True
2018-01-27T13:56:16.000+0800,2018-01-27T14:22:36.000+0800,未设定,,雪松,True
2018-01-27T14:22:38.000+0800,2018-01-27T14:56:06.000+0800,未设定,,雪松,True
2018-01-27T16:12:33.000+0800,2018-01-27T16:38:35.000+0800,未设定,,雪松,True
2018-01-27T16:38:35.000+0800,2018-01-27T17:13:56.000+0800,未设定,,雪松,True
2018-01-27T17:46:03.000+0800,2018-01-27T18:22:34.000+0800,未设定,,雪松,True
2018-01-27T18:22:34.000+0800,2018-01-27T19:36:00.000+0800,未设定,,雪松,True
2018-01-28T12:41:45.000+0800,2018-01-28T13:23:52.000+0800,未设定,,雪松,True
2018-01-28T15:02:18.000+0800,2018-01-28T15:46:05.000+0800,未设定,,雪松,True
2018-01-28T15:49:04.000+0800,2018-01-28T16:24:06.000+0800,未设定,,雪松,True
2018-01-28T16:37:28.000+0800,2018-01-28T18:09:37.000+0800,未设定,,雪松,True
2018-01-29T13:31:30.000+0800,2018-01-29T15:08:32.000+0800,未设定,,雪松,True
2018-01-29T14:03:10.000+0800,2018-01-29T14:28:10.000+0800,未设定,在 Chrome 中种的树,雪松,True
2018-01-29T15:34:04.000+0800,2018-01-29T15:59:04.000+0800,未设定,在 Chrome 中种的树,雪松,True
2018-01-30T09:00:26.000+0800,2018-01-30T09:25:41.000+0800,未设定,,雪松,True
2018-01-30T09:25:42.000+0800,2018-01-30T09:56:55.000+0800,未设定,,雪松,True
2018-01-30T09:57:06.000+0800,2018-01-30T10:22:06.000+0800,未设定,在 Chrome 中种的树,雪松,True
2018-01-30T10:26:49.000+0800,2018-01-30T10:52:13.000+0800,未设定,,雪松,True
2018-01-30T10:52:14.000+0800,2018-01-30T11:24:01.000+0800,未设定,,雪松,True
2018-01-30T11:24:02.000+0800,2018-01-30T11:52:07.000+0800,未设定,,雪松,True
2018-01-31T09:40:54.000+0800,2018-01-31T10:08:59.000+0800,未设定,,雪松,True
2018-01-31T10:29:57.000+0800,2018-01-31T10:54:57.000+0800,未设定,在 Chrome 中种的树,雪松,True
2018-01-31T10:58:11.000+0800,2018-01-31T11:23:11.000+0800,未设定,在 Chrome 中种的树,雪松,True
2018-02-01T09:09:29.000+0800,2018-02-01T09:42:50.000+0800,未设定,,雪松,True
2018-02-01T09:42:54.000+0800,2018-02-01T10:16:50.000+0800,未设定,,雪松,True
2018-02-01T13:33:25.000+0800,2018-02-01T13:58:25.000+0800,未设定,在 Chrome 中种的树,雪松,True
2018-02-01T14:01:14.000+0800,2018-02-01T14:26:14.000+0800,未设定,在 Chrome 中种的树,雪松,True
2018-02-01T14:26:28.000+0800,2018-02-01T14:51:28.000+0800,未设定,在 Chrome 中种的树,雪松,True
2018-02-01T15:47:22.000+0800,2018-02-01T16:12:22.000+0800,未设定,在 Chrome 中种的树,雪松,True
2018-02-01T16:17:54.000+0800,2018-02-01T16:42:54.000+0800,未设定,在 Chrome 中种的树,雪松,True
2018-02-02T09:38:10.000+0800,2018-02-02T10:38:44.000+0800,未设定,,雪松,True
2018-02-02T15:06:11.000+0800,2018-02-02T16:07:05.000+0800,未设定,,雪松,True
2018-02-03T13:15:40.000+0800,2018-02-03T13:46:07.000+0800,未设定,,雪松,True
2018-02-03T14:00:21.000+0800,2018-02-03T14:39:01.000+0800,未设定,,雪松,True
2018-02-03T16:38:58.000+0800,2018-02-03T17:49:08.000+0800,未设定,,雪松,True
2018-02-04T09:37:56.000+0800,2018-02-04T10:11:00.000+0800,未设定,,雪松,True
2018-02-04T13:00:55.000+0800,2018-02-04T13:37:38.000+0800,未设定,,雪松,True
2018-02-04T13:37:39.000+0800,2018-02-04T14:18:41.000+0800,未设定,,雪松,True
2018-02-04T14:18:42.000+0800,2018-02-04T14:54:53.000+0800,未设定,,雪松,True
2018-02-04T14:54:54.000+0800,2018-02-04T15:20:39.000+0800,未设定,,雪松,True
2018-02-04T15:20:40.000+0800,2018-02-04T15:57:23.000+0800,未设定,,雪松,True
2018-02-04T15:57:24.000+0800,2018-02-04T16:22:56.000+0800,未设定,,雪松,True
2018-02-04T16:22:56.000+0800,2018-02-04T18:22:56.000+0800,未设定,,雪松,True
2018-02-08T13:26:27.000+0800,2018-02-08T14:02:19.000+0800,未设定,,雪松,True
2018-02-09T13:26:58.000+0800,2018-02-09T13:55:10.000+0800,未设定,,糖果树,True
2018-02-10T10:04:31.000+0800,2018-02-10T10:35:17.000+0800,未设定,,糖果树,True
2018-02-10T10:35:18.000+0800,2018-02-10T11:00:31.000+0800,未设定,,糖果树,True
2018-02-10T11:00:33.000+0800,2018-02-10T11:25:33.000+0800,未设定,,糖果树,True
2018-02-26T09:46:22.000+0800,2018-02-26T11:46:22.000+0800,未设定,,糖果树,True
2018-02-26T14:16:36.000+0800,2018-02-26T15:21:49.000+0800,未设定,,糖果树,True
2018-02-27T13:48:15.000+0800,2018-02-27T14:19:29.000+0800,未设定,,糖果树,True
2018-02-27T14:19:29.000+0800,2018-02-27T15:10:11.000+0800,未设定,,糖果树,True
2018-02-27T15:10:12.000+0800,2018-02-27T16:04:10.000+0800,未设定,,糖果树,True
2018-02-27T16:04:11.000+0800,2018-02-27T16:29:47.000+0800,未设定,,糖果树,True
2018-02-27T16:29:47.000+0800,2018-02-27T16:55:35.000+0800,未设定,,糖果树,True
2018-02-27T16:55:36.000+0800,2018-02-27T17:27:56.000+0800,未设定,,糖果树,True
2018-02-28T13:01:26.000+0800,2018-02-28T13:27:56.000+0800,未设定,,糖果树,True
2018-02-28T13:27:57.000+0800,2018-02-28T13:53:30.000+0800,未设定,,糖果树,True
2018-02-28T13:53:30.000+0800,2018-02-28T14:42:25.000+0800,未设定,,糖果树,True
2018-03-06T17:10:36.000+0800,2018-03-06T18:08:43.000+0800,未设定,,糖果树,True
2018-03-07T13:36:42.000+0800,2018-03-07T14:41:28.000+0800,未设定,,糖果树,True
2018-03-07T14:53:25.000+0800,2018-03-07T16:08:14.000+0800,未设定,,糖果树,True
2018-03-08T13:46:26.000+0800,2018-03-08T14:34:36.000+0800,未设定,,糖果树,True
2018-03-08T15:23:17.000+0800,2018-03-08T16:12:38.000+0800,未设定,,糖果树,True
2018-03-08T17:15:29.000+0800,2018-03-08T18:24:50.000+0800,未设定,,糖果树,True
2018-03-09T13:34:44.000+0800,2018-03-09T14:57:13.000+0800,未设定,,糖果树,True
2018-03-09T14:57:14.000+0800,2018-03-09T16:57:14.000+0800,未设定,,糖果树,True
2018-03-10T14:27:35.000+0800,2018-03-10T14:52:35.000+0800,未设定,在 Chrome 中种的树,雪松,True
2018-03-10T15:07:03.000+0800,2018-03-10T15:32:03.000+0800,未设定,在 Chrome 中种的树,雪松,True
2018-03-10T15:33:46.000+0800,2018-03-10T15:58:46.000+0800,未设定,在 Chrome 中种的树,雪松,True
2018-03-10T15:59:29.000+0800,2018-03-10T16:24:29.000+0800,未设定,在 Chrome 中种的树,雪松,True
2018-03-10T17:18:38.000+0800,2018-03-10T17:43:38.000+0800,未设定,在 Chrome 中种的树,雪松,True
2018-03-11T22:23:30.000+0800,2018-03-11T22:55:15.000+0800,未设定,,糖果树,True
2018-03-13T13:29:45.000+0800,2018-03-13T15:02:33.000+0800,未设定,,糖果树,True
2018-03-13T15:02:34.000+0800,2018-03-13T15:52:17.000+0800,未设定,,糖果树,True
2018-03-14T10:25:20.000+0800,2018-03-14T11:10:47.000+0800,未设定,,糖果树,True
2018-03-14T13:03:23.000+0800,2018-03-14T13:33:45.000+0800,未设定,,糖果树,True
2018-03-14T13:33:46.000+0800,2018-03-14T13:59:20.000+0800,未设定,,糖果树,True
2018-03-14T13:59:21.000+0800,2018-03-14T14:25:22.000+0800,未设定,,糖果树,True
2018-03-14T14:26:28.000+0800,2018-03-14T16:07:15.000+0800,未设定,,糖果树,True
2018-03-14T16:07:16.000+0800,2018-03-14T18:07:16.000+0800,未设定,,糖果树,True
2018-03-15T13:08:42.000+0800,2018-03-15T15:08:42.000+0800,未设定,,糖果树,True
2018-03-20T15:10:26.000+0800,2018-03-20T17:10:26.000+0800,未设定,,糖果树,True
2018-03-21T13:35:31.000+0800,2018-03-21T15:35:31.000+0800,未设定,,糖果树,True
2018-03-21T21:56:37.000+0800,2018-03-21T23:00:52.000+0800,未设定,,糖果树,True
2018-03-23T11:03:29.000+0800,2018-03-23T12:16:31.000+0800,未设定,,糖果树,True
2018-03-25T17:36:04.000+0800,2018-03-25T19:36:04.000+0800,未设定,,糖果树,True
2018-03-27T13:57:57.000+0800,2018-03-27T15:57:57.000+0800,未设定,,糖果树,True
2018-03-28T09:41:54.000+0800,2018-03-28T10:06:54.000+0800,未设定,,糖果树,True
2018-03-28T10:14:57.000+0800,2018-03-28T11:21:23.000+0800,未设定,,糖果树,True
2018-03-28T14:41:24.000+0800,2018-03-28T16:41:24.000+0800,未设定,,糖果树,True
2018-03-28T16:38:24.000+0800,2018-03-28T17:03:24.000+0800,未设定,在 Chrome 中种的树,雪松,True
2018-03-29T10:17:36.000+0800,2018-03-29T10:52:05.000+0800,未设定,,糖果树,True
2018-03-29T10:52:05.000+0800,2018-03-29T12:00:11.000+0800,未设定,,糖果树,True
2018-03-29T13:56:53.000+0800,2018-03-29T14:44:52.000+0800,未设定,,糖果树,True
2018-03-29T14:44:52.000+0800,2018-03-29T15:26:15.000+0800,未设定,,糖果树,True
2018-03-29T15:34:28.000+0800,2018-03-29T17:34:28.000+0800,未设定,,糖果树,True
2018-03-29T16:53:33.000+0800,2018-03-29T16:59:27.000+0800,未设定,在 Chrome 中种的树,雪松,False
2018-03-29T17:00:25.000+0800,2018-03-29T17:25:25.000+0800,未设定,在 Chrome 中种的树,雪松,True
2018-03-29T17:36:13.000+0800,2018-03-29T18:37:30.000+0800,未设定,,糖果树,True
2018-03-30T09:51:10.000+0800,2018-03-30T10:16:10.000+0800,未设定,,糖果树,True
2018-03-30T11:07:26.000+0800,2018-03-30T11:32:26.000+0800,未设定,在 Chrome 中种的树,雪松,True
2018-03-30T13:08:03.000+0800,2018-03-30T13:45:57.000+0800,未设定,,糖果树,True
2018-03-30T13:46:02.000+0800,2018-03-30T14:13:51.000+0800,未设定,,糖果树,True
2018-03-30T14:13:51.000+0800,2018-03-30T14:48:24.000+0800,未设定,,糖果树,True
2018-03-30T14:48:24.000+0800,2018-03-30T15:25:45.000+0800,未设定,,糖果树,True
2018-03-30T15:25:46.000+0800,2018-03-30T15:56:41.000+0800,未设定,,糖果树,True
2018-03-30T15:56:42.000+0800,2018-03-30T16:26:50.000+0800,未设定,,糖果树,True
2018-03-30T16:26:51.000+0800,2018-03-30T16:55:52.000+0800,未设定,,糖果树,True
2018-03-30T17:05:24.000+0800,2018-03-30T17:35:34.000+0800,未设定,,糖果树,True
2018-03-30T17:35:34.000+0800,2018-03-30T18:28:10.000+0800,未设定,,糖果树,True
2018-04-01T15:54:40.000+0800,2018-04-01T16:23:54.000+0800,未设定,,糖果树,True
2018-04-01T16:37:45.000+0800,2018-04-01T17:21:10.000+0800,未设定,,糖果树,True
2018-04-01T21:48:26.000+0800,2018-04-01T23:16:07.000+0800,未设定,,糖果树,True
2018-04-02T13:33:09.000+0800,2018-04-02T14:10:20.000+0800,未设定,,糖果树,True
2018-04-02T14:10:21.000+0800,2018-04-02T16:10:21.000+0800,未设定,,糖果树,True
2018-04-03T14:13:08.000+0800,2018-04-03T14:39:44.000+0800,未设定,,糖果树,True
2018-04-03T14:39:44.000+0800,2018-04-03T15:09:47.000+0800,未设定,,糖果树,True
2018-04-05T14:43:14.000+0800,2018-04-05T16:43:14.000+0800,未设定,,糖果树,True
2018-04-05T17:35:47.000+0800,2018-04-05T19:35:47.000+0800,未设定,,糖果树,True
2018-04-05T20:41:34.000+0800,2018-04-05T22:41:34.000+0800,未设定,,糖果树,True
2018-04-10T22:05:16.000+0800,2018-04-10T23:04:22.000+0800,未设定,,糖果树,True
2018-04-11T13:42:13.000+0800,2018-04-11T14:37:09.000+0800,未设定,,糖果树,True
2018-04-11T15:14:18.000+0800,2018-04-11T16:22:16.000+0800,未设定,,糖果树,True
2018-04-11T17:24:37.000+0800,2018-04-11T17:59:46.000+0800,未设定,,糖果树,True
2018-04-12T20:32:22.000+0800,2018-04-12T22:32:22.000+0800,未设定,,糖果树,True
2018-04-13T15:16:07.000+0800,2018-04-13T16:19:15.000+0800,未设定,,糖果树,True
2018-04-16T09:00:25.000+0800,2018-04-16T09:32:45.000+0800,未设定,,糖果树,True
2018-04-16T09:32:46.000+0800,2018-04-16T09:58:13.000+0800,未设定,,糖果树,True
2018-04-16T10:03:00.000+0800,2018-04-16T10:35:10.000+0800,未设定,,糖果树,True
2018-04-16T10:35:10.000+0800,2018-04-16T11:29:01.000+0800,未设定,,糖果树,True
2018-04-16T13:31:31.000+0800,2018-04-16T13:57:02.000+0800,未设定,,糖果树,True
2018-04-16T13:57:03.000+0800,2018-04-16T14:25:30.000+0800,未设定,,糖果树,True
2018-04-16T14:25:30.000+0800,2018-04-16T15:11:24.000+0800,未设定,,糖果树,True
2018-04-16T15:24:21.000+0800,2018-04-16T16:10:35.000+0800,未设定,,糖果树,True
2018-04-16T16:22:12.000+0800,2018-04-16T16:57:58.000+0800,未设定,,糖果树,True
2018-04-17T10:10:13.000+0800,2018-04-17T10:35:13.000+0800,未设定,,糖果树,True
2018-04-17T13:14:01.000+0800,2018-04-17T13:42:23.000+0800,未设定,,糖果树,True
2018-04-17T13:42:23.000+0800,2018-04-17T14:17:13.000+0800,未设定,,糖果树,True
2018-04-17T14:17:14.000+0800,2018-04-17T15:01:26.000+0800,未设定,,糖果树,True
2018-04-17T15:01:26.000+0800,2018-04-17T15:55:17.000+0800,未设定,,糖果树,True
2018-04-17T15:55:18.000+0800,2018-04-17T16:26:12.000+0800,未设定,,糖果树,True
2018-04-17T16:26:12.000+0800,2018-04-17T16:56:48.000+0800,未设定,,糖果树,True
2018-04-17T16:56:49.000+0800,2018-04-17T18:56:49.000+0800,未设定,,糖果树,True
2018-04-19T16:32:34.000+0800,2018-04-19T17:03:38.000+0800,未设定,,糖果树,True
2018-04-23T10:21:17.000+0800,2018-04-23T10:46:17.000+0800,未设定,,糖果树,True
2018-04-23T10:59:47.000+0800,2018-04-23T12:11:17.000+0800,未设定,,猫咪,True
2018-04-23T14:46:32.000+0800,2018-04-23T16:46:32.000+0800,未设定,,中国松,True
2018-04-23T17:04:01.000+0800,2018-04-23T17:29:01.000+0800,未设定,在 Chrome 中种的树,雪松,True
2018-05-07T15:00:45.000+0800,2018-05-07T15:25:45.000+0800,未设定,在 Chrome 中种的树,雪松,True
2018-05-08T14:09:56.000+0800,2018-05-08T14:44:04.000+0800,未设定,,中国松,True
2018-05-08T14:44:04.000+0800,2018-05-08T15:12:07.000+0800,未设定,,中国松,True
2018-05-08T15:12:08.000+0800,2018-05-08T15:51:02.000+0800,未设定,,中国松,True
2018-05-08T15:51:03.000+0800,2018-05-08T17:03:38.000+0800,未设定,,中国松,True
2018-05-09T09:38:58.000+0800,2018-05-09T10:15:19.000+0800,未设定,,中国松,True
2018-05-09T15:14:19.000+0800,2018-05-09T16:52:06.000+0800,未设定,,中国松,True
2018-05-15T09:38:51.000+0800,2018-05-15T10:09:17.000+0800,未设定,,中国松,True
2018-05-15T10:09:19.000+0800,2018-05-15T10:40:23.000+0800,未设定,,中国松,True
2018-05-15T14:20:58.000+0800,2018-05-15T16:12:54.000+0800,未设定,,中国松,True
2018-05-15T16:12:55.000+0800,2018-05-15T18:12:55.000+0800,未设定,,中国松,True
2018-05-16T13:33:42.000+0800,2018-05-16T15:33:42.000+0800,未设定,,中国松,True
2018-05-16T15:39:49.000+0800,2018-05-16T17:39:49.000+0800,未设定,,中国松,True
2018-05-17T10:09:05.000+0800,2018-05-17T12:07:16.000+0800,未设定,,中国松,True
2018-05-17T14:56:35.000+0800,2018-05-17T15:21:35.000+0800,未设定,,中国松,True
2018-05-21T09:53:49.000+0800,2018-05-21T10:22:42.000+0800,未设定,,中国松,True
2018-05-21T10:26:13.000+0800,2018-05-21T10:54:34.000+0800,未设定,,中国松,True
2018-05-21T10:54:35.000+0800,2018-05-21T11:50:18.000+0800,未设定,,中国松,True
2018-05-21T14:02:00.000+0800,2018-05-21T15:10:59.000+0800,未设定,,中国松,True
2018-05-21T15:10:59.000+0800,2018-05-21T17:03:54.000+0800,未设定,,中国松,True
2018-05-22T15:21:04.000+0800,2018-05-22T17:21:04.000+0800,未设定,,中国松,True
2018-05-22T15:54:09.000+0800,2018-05-22T16:19:09.000+0800,未设定,在 Chrome 中种的树,雪松,True
2018-05-22T16:27:23.000+0800,2018-05-22T16:52:23.000+0800,未设定,在 Chrome 中种的树,雪松,True
2018-05-22T17:18:19.000+0800,2018-05-22T17:43:19.000+0800,未设定,在 Chrome 中种的树,雪松,True
2018-05-23T09:29:47.000+0800,2018-05-23T09:54:47.000+0800,未设定,在 Chrome 中种的树,雪松,True
2018-05-23T10:10:30.000+0800,2018-05-23T10:35:30.000+0800,未设定,在 Chrome 中种的树,雪松,True
2018-05-23T10:38:53.000+0800,2018-05-23T11:03:53.000+0800,未设定,在 Chrome 中种的树,雪松,True
2018-05-23T11:21:06.000+0800,2018-05-23T11:46:06.000+0800,未设定,在 Chrome 中种的树,雪松,True
2018-05-23T13:01:56.000+0800,2018-05-23T15:01:56.000+0800,未设定,,中国松,True
2018-05-23T13:48:19.000+0800,2018-05-23T14:13:19.000+0800,未设定,在 Chrome 中种的树,雪松,True
2018-05-23T14:32:00.000+0800,2018-05-23T14:57:00.000+0800,未设定,在 Chrome 中种的树,雪松,True
2018-05-23T15:34:37.000+0800,2018-05-23T15:59:37.000+0800,未设定,在 Chrome 中种的树,雪松,True
2018-05-23T17:49:42.000+0800,2018-05-23T18:20:09.000+0800,未设定,,中国松,True
2018-05-24T09:20:52.000+0800,2018-05-24T09:50:11.000+0800,未设定,,中国松,True
2018-05-24T09:50:11.000+0800,2018-05-24T10:26:29.000+0800,未设定,,中国松,True
2018-05-24T10:26:30.000+0800,2018-05-24T12:04:47.000+0800,未设定,,中国松,True
2018-05-25T09:37:24.000+0800,2018-05-25T10:02:24.000+0800,未设定,,中国松,True
2018-05-25T10:10:49.000+0800,2018-05-25T10:39:42.000+0800,未设定,,中国松,True
2018-05-25T10:39:42.000+0800,2018-05-25T11:05:09.000+0800,未设定,,中国松,True
2018-05-25T11:05:10.000+0800,2018-05-25T12:02:19.000+0800,未设定,,中国松,True
2018-05-25T13:22:30.000+0800,2018-05-25T13:49:35.000+0800,未设定,316，317,糖果树,True
2018-05-25T13:50:26.000+0800,2018-05-25T14:15:26.000+0800,未设定,,糖果树,True
2018-05-25T14:19:19.000+0800,2018-05-25T14:58:46.000+0800,未设定,,糖果树,True
2018-05-25T14:59:06.000+0800,2018-05-25T15:28:27.000+0800,未设定,,糖果树,True
2018-05-25T15:28:29.000+0800,2018-05-25T16:14:03.000+0800,未设定,,糖果树,True
2018-05-25T16:14:47.000+0800,2018-05-25T16:47:08.000+0800,未设定,,糖果树,True
2018-05-25T16:47:08.000+0800,2018-05-25T17:14:54.000+0800,未设定,,糖果树,True
2018-05-28T14:13:30.000+0800,2018-05-28T15:05:41.000+0800,未设定,,糖果树,True
2018-05-29T10:38:07.000+0800,2018-05-29T11:07:14.000+0800,未设定,,糖果树,True
2018-07-07T14:28:30.000+0800,2018-07-07T14:54:10.000+0800,未设定,,中国松,True
2018-07-09T14:57:51.000+0800,2018-07-09T15:26:39.000+0800,未设定,,中国松,True
2018-07-09T15:26:40.000+0800,2018-07-09T16:39:57.000+0800,未设定,,中国松,True
2018-07-11T09:27:22.000+0800,2018-07-11T09:54:40.000+0800,未设定,,中国松,True
2018-07-11T10:51:04.000+0800,2018-07-11T11:18:25.000+0800,未设定,,中国松,True
2018-07-11T13:38:38.000+0800,2018-07-11T14:08:56.000+0800,未设定,,中国松,True
2018-07-11T14:08:57.000+0800,2018-07-11T14:58:39.000+0800,未设定,,中国松,True
2018-07-11T15:00:31.000+0800,2018-07-11T16:01:24.000+0800,未设定,,中国松,True
2018-07-11T16:37:59.000+0800,2018-07-11T17:17:48.000+0800,未设定,,中国松,True
2018-07-12T10:24:07.000+0800,2018-07-12T11:02:07.000+0800,未设定,,中国松,True
2018-07-12T11:02:08.000+0800,2018-07-12T11:37:47.000+0800,未设定,,中国松,True
2018-07-13T15:41:48.000+0800,2018-07-13T16:08:38.000+0800,未设定,,中国松,True
2018-07-16T13:30:11.000+0800,2018-07-16T14:02:19.000+0800,未设定,,中国松,True
2018-07-16T14:02:19.000+0800,2018-07-16T14:31:36.000+0800,未设定,,中国松,True
2018-07-16T14:31:38.000+0800,2018-07-16T15:01:28.000+0800,未设定,,中国松,True
2018-07-16T15:01:29.000+0800,2018-07-16T16:29:03.000+0800,未设定,,中国松,True
2018-07-19T09:48:25.000+0800,2018-07-19T10:14:09.000+0800,未设定,,中国松,True
2018-07-19T10:14:10.000+0800,2018-07-19T10:47:07.000+0800,未设定,,中国松,True
2018-07-19T10:47:22.000+0800,2018-07-19T11:16:34.000+0800,未设定,,中国松,True
2018-07-19T11:16:35.000+0800,2018-07-19T12:07:47.000+0800,未设定,,中国松,True
2018-07-19T13:52:55.000+0800,2018-07-19T15:13:39.000+0800,未设定,,中国松,True
2018-07-20T13:15:06.000+0800,2018-07-20T13:48:01.000+0800,工作,,中国松,True
2018-07-20T13:48:01.000+0800,2018-07-20T14:22:21.000+0800,工作,,中国松,True
2018-07-23T14:17:39.000+0800,2018-07-23T15:03:15.000+0800,Android,,中国松,True
2018-07-23T15:03:16.000+0800,2018-07-23T15:42:13.000+0800,Android,,中国松,True
2018-07-23T15:42:14.000+0800,2018-07-23T16:13:58.000+0800,Android,,中国松,True
2018-07-23T16:14:12.000+0800,2018-07-23T16:39:18.000+0800,Android,,中国松,True
2018-07-23T17:58:37.000+0800,2018-07-23T18:41:04.000+0800,Android,,中国松,True
2018-07-23T19:41:37.000+0800,2018-07-23T20:48:15.000+0800,Android,,中国松,True
2018-07-24T09:57:48.000+0800,2018-07-24T10:26:42.000+0800,Android,,中国松,True
2018-07-24T10:26:43.000+0800,2018-07-24T10:55:08.000+0800,Android,,中国松,True
2018-07-24T10:57:19.000+0800,2018-07-24T11:26:18.000+0800,Android,,中国松,True
2018-07-24T11:26:28.000+0800,2018-07-24T12:01:52.000+0800,Android,,中国松,True
2018-07-24T13:31:18.000+0800,2018-07-24T13:57:39.000+0800,Android,,中国松,True
2018-07-24T13:57:40.000+0800,2018-07-24T15:05:34.000+0800,Android,,中国松,True
2018-07-24T15:05:34.000+0800,2018-07-24T16:34:23.000+0800,Android,,中国松,True
2018-07-25T09:40:54.000+0800,2018-07-25T10:07:09.000+0800,Android,,中国松,True
2018-07-25T10:47:46.000+0800,2018-07-25T11:31:17.000+0800,Android,,中国松,True
2018-07-25T13:54:06.000+0800,2018-07-25T14:19:20.000+0800,Android,,中国松,True
2018-07-25T14:19:21.000+0800,2018-07-25T14:55:09.000+0800,Android,,中国松,True
2018-07-26T09:27:09.000+0800,2018-07-26T10:00:58.000+0800,Android,,中国松,True
2018-07-26T10:00:59.000+0800,2018-07-26T11:02:21.000+0800,Android,,中国松,True
2018-07-26T13:32:26.000+0800,2018-07-26T14:01:11.000+0800,Android,,中国松,True
2018-07-26T16:21:26.000+0800,2018-07-26T18:21:26.000+0800,Android,,中国松,True
2018-07-27T09:48:22.000+0800,2018-07-27T10:18:56.000+0800,Android,,中国松,True
2018-07-27T15:40:38.000+0800,2018-07-27T16:16:00.000+0800,Android,,中国松,True
2018-07-27T16:16:01.000+0800,2018-07-27T16:58:18.000+0800,Android,,中国松,True
2018-07-30T09:49:02.000+0800,2018-07-30T10:15:09.000+0800,Android,,中国松,True
2018-07-30T10:17:00.000+0800,2018-07-30T11:52:54.000+0800,Android,,中国松,True
2018-07-31T09:48:04.000+0800,2018-07-31T10:40:38.000+0800,Android,,中国松,True
2018-07-31T13:32:22.000+0800,2018-07-31T13:58:36.000+0800,Android,,中国松,True
2018-07-31T17:16:41.000+0800,2018-07-31T17:46:38.000+0800,Android,,中国松,True
2018-07-31T17:46:39.000+0800,2018-07-31T18:13:04.000+0800,Android,,中国松,True
2018-07-31T18:13:04.000+0800,2018-07-31T19:12:33.000+0800,Android,,中国松,True
2018-08-01T09:11:04.000+0800,2018-08-01T09:46:18.000+0800,Android,,中国松,True
2018-08-01T09:46:37.000+0800,2018-08-01T10:27:25.000+0800,Android,,中国松,True
2018-08-01T10:27:42.000+0800,2018-08-01T11:00:43.000+0800,Android,,中国松,True
2018-08-01T11:00:44.000+0800,2018-08-01T11:27:36.000+0800,Android,,中国松,True
2018-08-01T11:27:37.000+0800,2018-08-01T11:59:26.000+0800,Android,,中国松,True
2018-08-01T15:12:36.000+0800,2018-08-01T15:40:10.000+0800,Android,,中国松,True
2018-08-01T15:41:20.000+0800,2018-08-01T16:32:42.000+0800,Android,,中国松,True
2018-08-01T16:32:43.000+0800,2018-08-01T17:03:49.000+0800,Android,,中国松,True
2018-08-01T17:03:50.000+0800,2018-08-01T18:24:34.000+0800,Android,,中国松,True
2018-08-02T13:54:55.000+0800,2018-08-02T14:19:55.000+0800,Android,,中国松,True
2018-08-03T09:35:42.000+0800,2018-08-03T10:23:11.000+0800,Android,,中国松,True
2018-08-03T13:42:13.000+0800,2018-08-03T14:14:00.000+0800,Android,,中国松,True
2018-08-03T14:14:01.000+0800,2018-08-03T14:39:21.000+0800,Android,,中国松,True
2018-08-03T14:39:21.000+0800,2018-08-03T15:40:04.000+0800,Android,,中国松,True
2018-08-03T15:40:04.000+0800,2018-08-03T16:35:21.000+0800,Android,,中国松,True
2018-08-03T16:35:22.000+0800,2018-08-03T17:04:45.000+0800,Android,,中国松,True
2018-08-03T17:05:03.000+0800,2018-08-03T17:49:40.000+0800,Android,,中国松,True
2018-08-05T09:44:59.000+0800,2018-08-05T10:22:40.000+0800,Android,,中国松,True
2018-08-06T09:02:11.000+0800,2018-08-06T09:29:32.000+0800,Android,,中国松,True
2018-08-06T09:30:59.000+0800,2018-08-06T10:01:43.000+0800,Android,,中国松,True
2018-08-06T10:01:48.000+0800,2018-08-06T10:33:18.000+0800,Android,,中国松,True
2018-08-06T10:33:18.000+0800,2018-08-06T11:02:46.000+0800,Android,,中国松,True
2018-08-06T13:30:50.000+0800,2018-08-06T14:01:48.000+0800,Android,,中国松,True
2018-08-06T14:01:49.000+0800,2018-08-06T14:35:40.000+0800,Android,,中国松,True
2018-08-06T14:35:40.000+0800,2018-08-06T15:01:39.000+0800,Android,,中国松,True
2018-08-06T15:01:40.000+0800,2018-08-06T15:30:22.000+0800,Android,,中国松,True
2018-08-06T15:30:23.000+0800,2018-08-06T15:57:40.000+0800,Android,,中国松,True
2018-08-06T15:57:40.000+0800,2018-08-06T16:23:13.000+0800,Android,,中国松,True
2018-08-07T10:29:26.000+0800,2018-08-07T10:54:26.000+0800,Android,,中国松,True
2018-08-07T10:59:33.000+0800,2018-08-07T11:30:00.000+0800,Android,,中国松,True
2018-08-07T11:31:39.000+0800,2018-08-07T12:03:42.000+0800,Android,,中国松,True
2018-08-07T12:59:04.000+0800,2018-08-07T13:34:49.000+0800,Android,,中国松,True
2018-08-07T13:34:50.000+0800,2018-08-07T13:59:50.000+0800,Android,,中国松,True
2018-08-07T14:08:31.000+0800,2018-08-07T14:33:46.000+0800,Android,,中国松,True
2018-08-07T14:33:53.000+0800,2018-08-07T14:58:53.000+0800,Android,,中国松,True
2018-08-07T15:02:39.000+0800,2018-08-07T15:31:20.000+0800,Android,,中国松,True
2018-08-07T15:31:21.000+0800,2018-08-07T16:01:17.000+0800,Android,,中国松,True
2018-08-07T16:01:17.000+0800,2018-08-07T16:28:12.000+0800,Android,,中国松,True
2018-08-08T13:29:38.000+0800,2018-08-08T13:59:33.000+0800,Android,,中国松,True
2018-08-08T13:59:33.000+0800,2018-08-08T14:26:47.000+0800,Android,,中国松,True
2018-08-08T14:26:48.000+0800,2018-08-08T14:57:16.000+0800,Android,,中国松,True
2018-08-08T14:57:48.000+0800,2018-08-08T15:25:23.000+0800,Android,,中国松,True
2018-08-08T16:07:06.000+0800,2018-08-08T18:07:06.000+0800,Android,,中国松,True
2018-08-09T10:06:36.000+0800,2018-08-09T10:35:34.000+0800,Android,,中国松,True
2018-08-09T10:36:17.000+0800,2018-08-09T11:11:01.000+0800,Android,,中国松,True
2018-08-09T11:11:06.000+0800,2018-08-09T11:37:06.000+0800,Android,,中国松,True
2018-08-09T11:37:06.000+0800,2018-08-09T12:03:07.000+0800,Android,,中国松,True
2018-08-09T14:05:27.000+0800,2018-08-09T14:38:10.000+0800,Android,,中国松,True
2018-08-09T14:38:10.000+0800,2018-08-09T15:04:47.000+0800,Android,,中国松,True
2018-08-09T15:04:47.000+0800,2018-08-09T15:31:48.000+0800,Android,,中国松,True
2018-08-09T15:31:49.000+0800,2018-08-09T16:01:01.000+0800,Android,,中国松,True
2018-08-09T16:01:02.000+0800,2018-08-09T17:33:13.000+0800,Android,,中国松,True
2018-08-09T17:36:08.000+0800,2018-08-09T18:53:48.000+0800,Android,,中国松,True
2018-08-10T09:25:06.000+0800,2018-08-10T09:58:22.000+0800,Android,,中国松,True
2018-08-10T09:58:23.000+0800,2018-08-10T10:32:11.000+0800,Android,,中国松,True
2018-08-10T10:34:50.000+0800,2018-08-10T11:22:31.000+0800,Android,,中国松,True
2018-08-10T15:23:05.000+0800,2018-08-10T15:50:42.000+0800,Android,,中国松,True
2018-08-10T15:50:43.000+0800,2018-08-10T16:15:43.000+0800,Android,,中国松,True
2018-08-14T13:57:02.000+0800,2018-08-14T14:22:02.000+0800,Android,,中国松,True
2018-08-14T15:46:46.000+0800,2018-08-14T16:12:05.000+0800,Android,,中国松,True
2018-08-14T16:12:06.000+0800,2018-08-14T16:40:56.000+0800,Android,,中国松,True
2018-08-14T16:40:57.000+0800,2018-08-14T17:27:34.000+0800,Android,,中国松,True
2018-08-15T09:42:55.000+0800,2018-08-15T10:09:35.000+0800,Android,,中国松,True
2018-08-15T10:09:36.000+0800,2018-08-15T10:37:55.000+0800,Android,,中国松,True
2018-08-15T10:37:56.000+0800,2018-08-15T11:41:10.000+0800,Android,,中国松,True
2018-08-15T13:18:51.000+0800,2018-08-15T13:43:51.000+0800,Android,,中国松,True
2018-08-15T15:55:09.000+0800,2018-08-15T16:28:55.000+0800,Android,,中国松,True
2018-08-15T16:28:55.000+0800,2018-08-15T16:55:29.000+0800,Android,,中国松,True
2018-08-15T16:57:14.000+0800,2018-08-15T18:48:08.000+0800,Android,,中国松,True
2018-08-16T13:58:55.000+0800,2018-08-16T14:32:45.000+0800,Android,,中国松,True
2018-08-16T14:32:46.000+0800,2018-08-16T15:03:29.000+0800,Android,,中国松,True
2018-08-16T15:03:29.000+0800,2018-08-16T15:30:46.000+0800,Android,,中国松,True
2018-08-16T15:30:46.000+0800,2018-08-16T16:04:50.000+0800,Android,,中国松,True
2018-08-16T16:04:50.000+0800,2018-08-16T16:34:55.000+0800,Android,,中国松,True
2018-08-16T16:34:55.000+0800,2018-08-16T17:06:28.000+0800,Android,,中国松,True
2018-08-16T17:06:29.000+0800,2018-08-16T17:34:05.000+0800,Android,,中国松,True
2018-08-16T17:34:14.000+0800,2018-08-16T18:02:36.000+0800,Android,,中国松,True
2018-08-16T18:30:17.000+0800,2018-08-16T18:55:53.000+0800,Android,,中国松,True
2018-08-18T11:10:12.000+0800,2018-08-18T11:57:59.000+0800,Android,,星空树,True
2018-08-20T09:37:20.000+0800,2018-08-20T11:37:20.000+0800,Android,,星空树,True
2018-08-21T13:50:20.000+0800,2018-08-21T14:25:22.000+0800,Android,,星空树,True
2018-08-22T09:00:08.000+0800,2018-08-22T09:25:08.000+0800,Android,,星空树,True
2018-08-22T09:28:32.000+0800,2018-08-22T10:00:09.000+0800,Android,,星空树,True
2018-08-22T10:00:10.000+0800,2018-08-22T10:40:00.000+0800,Android,,星空树,True
2018-08-22T10:40:01.000+0800,2018-08-22T11:07:19.000+0800,Android,,星空树,True
2018-08-22T11:07:20.000+0800,2018-08-22T11:32:20.000+0800,Android,,星空树,True
2018-08-22T13:02:24.000+0800,2018-08-22T13:30:54.000+0800,Android,,星空树,True
2018-08-22T13:30:55.000+0800,2018-08-22T14:00:39.000+0800,Android,,星空树,True
2018-08-22T14:00:40.000+0800,2018-08-22T14:31:15.000+0800,Android,,星空树,True
2018-08-22T14:31:16.000+0800,2018-08-22T15:00:17.000+0800,Android,,星空树,True
2018-08-22T15:08:53.000+0800,2018-08-22T15:36:10.000+0800,Android,,星空树,True
2018-08-22T15:36:11.000+0800,2018-08-22T16:01:54.000+0800,Android,,星空树,True
2018-08-22T16:01:56.000+0800,2018-08-22T16:27:53.000+0800,Android,,星空树,True
2018-08-22T16:47:30.000+0800,2018-08-22T17:18:54.000+0800,Android,,星空树,True
2018-08-24T10:29:43.000+0800,2018-08-24T10:57:36.000+0800,Android,,星空树,True
2018-08-24T10:57:36.000+0800,2018-08-24T11:42:36.000+0800,Android,,星空树,True
2018-08-24T13:33:56.000+0800,2018-08-24T14:02:38.000+0800,Android,,星空树,True
2018-08-24T14:02:39.000+0800,2018-08-24T14:28:37.000+0800,Android,,星空树,True
2018-08-24T14:28:38.000+0800,2018-08-24T14:58:33.000+0800,Android,,星空树,True
2018-08-24T14:58:34.000+0800,2018-08-24T15:51:00.000+0800,Android,,星空树,True
2018-08-24T15:51:01.000+0800,2018-08-24T17:45:26.000+0800,Android,,星空树,True
2018-08-25T14:42:40.000+0800,2018-08-25T15:11:21.000+0800,Android,,星空树,True
2018-08-27T09:35:44.000+0800,2018-08-27T10:00:44.000+0800,Android,,星空树,True
2018-08-27T10:04:19.000+0800,2018-08-27T11:07:55.000+0800,Android,,星空树,True
2018-08-27T11:12:15.000+0800,2018-08-27T11:56:12.000+0800,Android,,星空树,True
2018-08-27T16:00:10.000+0800,2018-08-27T17:25:17.000+0800,Android,,星空树,True
2018-08-28T15:18:59.000+0800,2018-08-28T16:36:55.000+0800,Android,,星空树,True
2018-08-29T09:12:12.000+0800,2018-08-29T09:55:51.000+0800,Android,,星空树,True
2018-08-29T09:55:53.000+0800,2018-08-29T10:26:58.000+0800,Android,,星空树,True
2018-08-29T10:26:59.000+0800,2018-08-29T10:54:43.000+0800,Android,,星空树,True
2018-08-29T10:54:44.000+0800,2018-08-29T11:19:44.000+0800,Android,,星空树,True
2018-08-29T13:23:35.000+0800,2018-08-29T13:49:00.000+0800,Android,,星空树,True
2018-08-29T13:49:00.000+0800,2018-08-29T15:32:18.000+0800,Android,,星空树,True
2018-08-30T09:41:54.000+0800,2018-08-30T10:24:11.000+0800,Android,,星空树,True
2018-08-30T10:47:27.000+0800,2018-08-30T12:15:48.000+0800,Android,,星空树,True
2018-08-30T13:23:37.000+0800,2018-08-30T13:48:37.000+0800,Android,,星空树,True
2018-08-31T08:57:08.000+0800,2018-08-31T09:31:11.000+0800,Android,,星空树,True
2018-08-31T09:31:19.000+0800,2018-08-31T09:57:30.000+0800,Android,,星空树,True
2018-08-31T09:57:31.000+0800,2018-08-31T10:23:22.000+0800,Android,,星空树,True
2018-08-31T10:27:50.000+0800,2018-08-31T11:09:46.000+0800,Android,,星空树,True
2018-08-31T11:30:12.000+0800,2018-08-31T12:07:18.000+0800,Android,,星空树,True
2018-08-31T13:35:18.000+0800,2018-08-31T14:00:59.000+0800,Android,,星空树,True
2018-08-31T14:02:19.000+0800,2018-08-31T14:42:20.000+0800,Android,,星空树,True
2018-08-31T15:04:51.000+0800,2018-08-31T15:33:02.000+0800,Android,,星空树,True
2018-08-31T15:33:03.000+0800,2018-08-31T16:11:19.000+0800,Android,,星空树,True
2018-08-31T16:11:20.000+0800,2018-08-31T17:23:01.000+0800,Android,,星空树,True
2018-09-03T09:09:54.000+0800,2018-09-03T09:35:43.000+0800,Android,,星空树,True
2018-09-03T09:35:44.000+0800,2018-09-03T10:04:08.000+0800,Android,,星空树,True
2018-09-03T10:04:09.000+0800,2018-09-03T10:39:30.000+0800,Android,,星空树,True
2018-09-03T10:39:31.000+0800,2018-09-03T11:07:23.000+0800,Android,,星空树,True
2018-09-03T11:07:24.000+0800,2018-09-03T11:43:46.000+0800,Android,,星空树,True
2018-09-03T13:23:06.000+0800,2018-09-03T14:07:10.000+0800,Android,,星空树,True
2018-09-03T14:23:15.000+0800,2018-09-03T15:00:13.000+0800,Android,,星空树,True
2018-09-03T15:00:13.000+0800,2018-09-03T15:27:51.000+0800,Android,,星空树,True
2018-09-03T15:29:27.000+0800,2018-09-03T15:54:27.000+0800,Android,,星空树,True
2018-09-03T16:00:23.000+0800,2018-09-03T17:23:20.000+0800,Android,,星空树,True
2018-09-03T17:23:20.000+0800,2018-09-03T17:53:42.000+0800,Android,,星空树,True
2018-09-04T09:07:44.000+0800,2018-09-04T09:36:39.000+0800,Android,,星空树,True
2018-09-04T09:36:40.000+0800,2018-09-04T10:04:11.000+0800,Android,,星空树,True
2018-09-04T10:04:12.000+0800,2018-09-04T10:32:52.000+0800,Android,,星空树,True
2018-09-04T10:32:56.000+0800,2018-09-04T10:59:29.000+0800,Android,,星空树,True
2018-09-04T10:59:29.000+0800,2018-09-04T11:26:09.000+0800,Android,,星空树,True
2018-09-04T13:28:26.000+0800,2018-09-04T14:19:36.000+0800,Android,,星空树,True
2018-09-04T14:29:05.000+0800,2018-09-04T14:54:05.000+0800,Android,,星空树,True
2018-09-04T15:14:28.000+0800,2018-09-04T15:40:44.000+0800,Android,,星空树,True
2018-09-04T15:40:45.000+0800,2018-09-04T16:13:18.000+0800,Android,,星空树,True
2018-09-04T18:41:35.000+0800,2018-09-04T19:39:56.000+0800,Android,,星空树,True
2018-09-05T09:32:18.000+0800,2018-09-05T09:57:41.000+0800,Android,,星空树,True
2018-09-05T09:57:41.000+0800,2018-09-05T10:23:34.000+0800,Android,,星空树,True
2018-09-05T10:23:35.000+0800,2018-09-05T12:04:26.000+0800,Android,,星空树,True
2018-09-05T13:22:26.000+0800,2018-09-05T13:48:08.000+0800,Android,,星空树,True
2018-09-05T13:57:15.000+0800,2018-09-05T14:39:39.000+0800,Android,,星空树,True
2018-09-05T15:31:14.000+0800,2018-09-05T17:31:14.000+0800,Android,,星空树,True
2018-09-06T09:24:01.000+0800,2018-09-06T09:49:15.000+0800,Android,,星空树,True
2018-09-06T09:49:17.000+0800,2018-09-06T10:16:54.000+0800,Android,,星空树,True
2018-09-08T13:59:31.000+0800,2018-09-08T14:27:51.000+0800,Android,,星空树,True
2018-09-08T14:27:52.000+0800,2018-09-08T14:57:49.000+0800,Android,,星空树,True
2018-09-08T14:57:50.000+0800,2018-09-08T15:35:27.000+0800,Android,,星空树,True
2018-09-08T15:35:29.000+0800,2018-09-08T16:41:27.000+0800,Android,,星空树,True
2018-09-08T17:05:42.000+0800,2018-09-08T18:08:41.000+0800,Android,,星空树,True
2018-09-10T09:35:07.000+0800,2018-09-10T10:00:44.000+0800,Android,,星空树,True
2018-09-10T10:00:44.000+0800,2018-09-10T10:30:40.000+0800,Android,,星空树,True
2018-09-10T10:34:15.000+0800,2018-09-10T11:07:53.000+0800,Android,,星空树,True
2018-09-10T11:07:54.000+0800,2018-09-10T11:41:53.000+0800,Android,,星空树,True
2018-09-10T13:23:14.000+0800,2018-09-10T13:54:57.000+0800,Android,,星空树,True
2018-09-10T13:54:58.000+0800,2018-09-10T14:28:14.000+0800,Android,,星空树,True
2018-09-10T14:28:26.000+0800,2018-09-10T15:00:54.000+0800,Android,,星空树,True
2018-09-10T16:08:15.000+0800,2018-09-10T16:53:22.000+0800,Android,,星空树,True
2018-09-11T14:10:22.000+0800,2018-09-11T15:01:31.000+0800,Android,,星空树,True
2018-09-11T15:01:31.000+0800,2018-09-11T15:43:18.000+0800,Android,,星空树,True
2018-09-12T10:07:50.000+0800,2018-09-12T10:33:27.000+0800,Android,,星空树,True
2018-09-12T10:33:27.000+0800,2018-09-12T11:11:07.000+0800,Android,,星空树,True
2018-09-12T11:11:08.000+0800,2018-09-12T11:40:13.000+0800,Android,,星空树,True
2018-09-12T11:40:13.000+0800,2018-09-12T12:16:38.000+0800,Android,,星空树,True
2018-09-12T13:39:05.000+0800,2018-09-12T14:06:05.000+0800,Android,,星空树,True
2018-09-12T14:06:08.000+0800,2018-09-12T14:33:27.000+0800,Android,,星空树,True
2018-09-12T14:33:28.000+0800,2018-09-12T15:01:14.000+0800,Android,,星空树,True
2018-09-12T15:01:15.000+0800,2018-09-12T17:01:15.000+0800,Android,,星空树,True
2018-09-13T13:22:25.000+0800,2018-09-13T13:53:50.000+0800,Android,,星空树,True
2018-09-13T13:53:50.000+0800,2018-09-13T14:21:23.000+0800,Android,,星空树,True
2018-09-13T14:21:23.000+0800,2018-09-13T15:18:53.000+0800,Android,,星空树,True
2018-09-13T15:35:48.000+0800,2018-09-13T16:02:17.000+0800,Android,,星空树,True
2018-09-14T16:27:04.000+0800,2018-09-14T16:53:56.000+0800,Android,,星空树,True
2018-09-14T16:53:57.000+0800,2018-09-14T18:53:57.000+0800,Android,,星空树,True
2018-09-15T14:08:32.000+0800,2018-09-15T14:37:39.000+0800,Android,,星空树,True
2018-09-15T14:42:38.000+0800,2018-09-15T15:26:52.000+0800,Android,,星空树,True
2018-09-15T15:32:17.000+0800,2018-09-15T16:04:30.000+0800,Android,,星空树,True
2018-09-18T14:51:46.000+0800,2018-09-18T16:30:37.000+0800,Android,,星空树,True
2018-09-19T08:58:11.000+0800,2018-09-19T09:26:50.000+0800,Android,,星空树,True
2018-09-19T09:30:22.000+0800,2018-09-19T09:59:54.000+0800,Android,,星空树,True
2018-09-19T09:59:54.000+0800,2018-09-19T10:24:54.000+0800,Android,,星空树,True
2018-09-21T10:14:05.000+0800,2018-09-21T10:52:47.000+0800,Android,,星空树,True
2018-09-21T10:52:48.000+0800,2018-09-21T11:27:18.000+0800,Android,,星空树,True
2018-09-25T14:21:07.000+0800,2018-09-25T14:47:44.000+0800,Android,,星空树,True
2018-09-25T14:47:46.000+0800,2018-09-25T15:29:27.000+0800,Android,,星空树,True
2018-09-26T09:33:56.000+0800,2018-09-26T09:58:56.000+0800,Android,,星空树,True
2018-09-26T10:03:55.000+0800,2018-09-26T10:29:07.000+0800,Android,,星空树,True
2018-09-26T10:29:07.000+0800,2018-09-26T11:00:21.000+0800,Android,,星空树,True
2018-09-27T13:58:58.000+0800,2018-09-27T14:35:20.000+0800,Android,,星空树,True
2018-09-28T09:34:01.000+0800,2018-09-28T10:03:25.000+0800,Android,,星空树,True
2018-09-28T10:03:25.000+0800,2018-09-28T10:59:39.000+0800,Android,,星空树,True
2018-09-28T10:59:39.000+0800,2018-09-28T11:58:54.000+0800,Android,,星空树,True
2018-09-28T13:26:29.000+0800,2018-09-28T13:57:06.000+0800,Android,,星空树,True
2018-09-28T13:57:07.000+0800,2018-09-28T14:29:21.000+0800,Android,,星空树,True
2018-09-28T14:29:35.000+0800,2018-09-28T14:58:17.000+0800,Android,,星空树,True
2018-09-28T14:58:17.000+0800,2018-09-28T15:40:42.000+0800,Android,,星空树,True
2018-09-28T15:50:05.000+0800,2018-09-28T16:31:32.000+0800,Android,,星空树,True
2018-09-28T16:31:33.000+0800,2018-09-28T16:57:35.000+0800,Android,,星空树,True
2018-09-28T16:57:35.000+0800,2018-09-28T17:30:48.000+0800,Android,,星空树,True
2018-09-28T17:30:48.000+0800,2018-09-28T17:55:48.000+0800,Android,,星空树,True
2018-09-28T18:03:16.000+0800,2018-09-28T18:55:57.000+0800,Android,,星空树,True
2018-09-28T19:35:18.000+0800,2018-09-28T20:41:58.000+0800,Android,,星空树,True
2018-10-08T09:30:07.000+0800,2018-10-08T10:53:35.000+0800,Android,,星空树,True
2018-10-08T10:53:41.000+0800,2018-10-08T11:19:59.000+0800,Android,,星空树,True
2018-10-08T13:30:20.000+0800,2018-10-08T13:58:48.000+0800,Android,,星空树,True
2018-10-08T13:58:49.000+0800,2018-10-08T14:25:19.000+0800,Android,,星空树,True
2018-10-08T14:25:20.000+0800,2018-10-08T14:52:50.000+0800,Android,,星空树,True
2018-10-08T14:52:50.000+0800,2018-10-08T15:20:30.000+0800,Android,,星空树,True
2018-10-08T15:20:31.000+0800,2018-10-08T15:46:35.000+0800,Android,,星空树,True
2018-10-08T15:46:37.000+0800,2018-10-08T17:46:37.000+0800,Android,,星空树,True
2018-10-09T09:43:08.000+0800,2018-10-09T11:16:45.000+0800,Android,,星空树,True
2018-10-09T13:34:56.000+0800,2018-10-09T14:17:16.000+0800,Android,,星空树,True
2018-10-10T13:31:42.000+0800,2018-10-10T14:13:49.000+0800,Android,,星空树,True
2018-10-11T11:02:11.000+0800,2018-10-11T11:55:26.000+0800,Android,,星空树,True
2018-10-11T13:24:36.000+0800,2018-10-11T15:04:34.000+0800,Android,,星空树,True
2018-10-11T15:04:35.000+0800,2018-10-11T15:34:04.000+0800,Android,,星空树,True
2018-10-11T15:34:04.000+0800,2018-10-11T16:09:51.000+0800,Android,,星空树,True
2018-10-11T16:09:51.000+0800,2018-10-11T16:42:34.000+0800,Android,,星空树,True
2018-10-14T13:07:47.000+0800,2018-10-14T13:32:47.000+0800,Android,,星空树,True
2018-10-14T15:38:12.000+0800,2018-10-14T16:24:45.000+0800,Android,,星空树,True
2018-10-17T09:13:53.000+0800,2018-10-17T09:47:39.000+0800,Android,,星空树,True
2018-10-17T09:47:40.000+0800,2018-10-17T10:21:17.000+0800,Android,,星空树,True
2018-10-17T10:21:34.000+0800,2018-10-17T10:49:06.000+0800,Android,,星空树,True
2018-10-18T09:18:17.000+0800,2018-10-18T10:42:29.000+0800,Android,,星空树,True
2018-10-22T10:14:08.000+0800,2018-10-22T10:39:59.000+0800,Android,,星空树,True
2018-10-22T10:44:34.000+0800,2018-10-22T12:03:39.000+0800,Android,,星空树,True
2018-10-22T13:25:30.000+0800,2018-10-22T13:55:29.000+0800,Android,,星空树,True
2018-10-22T14:17:52.000+0800,2018-10-22T15:09:49.000+0800,Android,,星空树,True
2018-10-23T09:52:57.000+0800,2018-10-23T11:52:57.000+0800,Android,,星空树,True
2018-10-23T13:30:34.000+0800,2018-10-23T14:00:38.000+0800,Android,,星空树,True
2018-10-23T14:00:39.000+0800,2018-10-23T14:29:16.000+0800,Android,,星空树,True
2018-10-23T14:29:18.000+0800,2018-10-23T15:06:18.000+0800,Android,,星空树,True
2018-10-23T15:30:54.000+0800,2018-10-23T16:00:09.000+0800,Android,,星空树,True
2018-10-24T09:53:41.000+0800,2018-10-24T10:18:41.000+0800,Android,,星空树,True
2018-10-24T13:39:35.000+0800,2018-10-24T14:18:46.000+0800,Android,,星空树,True
2018-10-25T14:32:05.000+0800,2018-10-25T15:04:01.000+0800,Android,,星空树,True
2018-10-26T09:28:09.000+0800,2018-10-26T09:57:24.000+0800,Android,,星空树,True
2018-10-26T09:57:30.000+0800,2018-10-26T10:22:30.000+0800,Android,,星空树,True
2018-10-26T10:31:00.000+0800,2018-10-26T10:58:21.000+0800,Android,,星空树,True
2018-10-26T10:59:47.000+0800,2018-10-26T11:59:20.000+0800,Android,,星空树,True
2018-10-26T14:31:30.000+0800,2018-10-26T14:57:43.000+0800,Android,,星空树,True
2018-10-26T15:02:10.000+0800,2018-10-26T15:32:03.000+0800,Android,,树屋,True
2018-10-26T15:32:04.000+0800,2018-10-26T15:59:22.000+0800,Android,,树屋,True
2018-10-26T16:01:44.000+0800,2018-10-26T16:28:36.000+0800,Android,,树屋,True
2018-10-26T16:28:37.000+0800,2018-10-26T17:04:02.000+0800,Android,,树屋,True
2018-10-26T17:04:04.000+0800,2018-10-26T17:40:39.000+0800,Android,,树屋,True
2018-10-27T14:29:26.000+0800,2018-10-27T15:02:02.000+0800,Android,,树屋,True
2018-10-29T09:33:20.000+0800,2018-10-29T09:58:37.000+0800,Android,,树屋,True
2018-10-29T09:58:39.000+0800,2018-10-29T10:50:32.000+0800,Android,,树屋,True
2018-10-29T15:24:21.000+0800,2018-10-29T17:24:21.000+0800,Android,,树屋,True
2018-10-30T09:39:16.000+0800,2018-10-30T10:07:57.000+0800,Android,,树屋,True
2018-10-31T10:06:26.000+0800,2018-10-31T10:51:10.000+0800,Android,,树屋,True
2018-10-31T13:56:37.000+0800,2018-10-31T15:56:37.000+0800,Android,,树屋,True
2018-11-01T09:59:46.000+0800,2018-11-01T10:24:46.000+0800,Android,,树屋,True
2018-11-01T10:27:29.000+0800,2018-11-01T10:53:06.000+0800,Android,,树屋,True
2018-11-01T11:32:31.000+0800,2018-11-01T11:57:49.000+0800,Android,,树屋,True
2018-11-01T13:25:48.000+0800,2018-11-01T13:56:16.000+0800,Android,,树屋,True
2018-11-01T13:56:17.000+0800,2018-11-01T14:28:07.000+0800,Android,,树屋,True
2018-11-01T14:31:50.000+0800,2018-11-01T15:13:50.000+0800,Android,,树屋,True
2018-11-01T15:31:05.000+0800,2018-11-01T16:00:48.000+0800,Android,,树屋,True
2018-11-01T16:00:49.000+0800,2018-11-01T16:26:02.000+0800,Android,,树屋,True
2018-11-05T15:23:20.000+0800,2018-11-05T15:48:20.000+0800,Android,,树屋,True
2018-11-07T09:29:42.000+0800,2018-11-07T10:22:13.000+0800,Android,,树屋,True
2018-11-07T14:04:36.000+0800,2018-11-07T14:40:23.000+0800,Android,,树屋,True
2018-11-07T14:40:56.000+0800,2018-11-07T15:08:00.000+0800,Android,,树屋,True
2018-11-08T09:32:12.000+0800,2018-11-08T09:59:33.000+0800,Android,,树屋,True
2018-11-08T10:00:30.000+0800,2018-11-08T10:30:24.000+0800,Android,,树屋,True
2018-11-08T10:30:32.000+0800,2018-11-08T10:56:05.000+0800,Android,,树屋,True
2018-11-08T13:26:29.000+0800,2018-11-08T13:59:48.000+0800,Android,,树屋,True
2018-11-08T13:59:49.000+0800,2018-11-08T14:30:32.000+0800,Android,,树屋,True
2018-11-08T14:30:33.000+0800,2018-11-08T14:59:13.000+0800,Android,,树屋,True
2018-11-08T15:01:23.000+0800,2018-11-08T15:29:06.000+0800,Android,,树屋,True
2018-11-08T16:03:49.000+0800,2018-11-08T16:37:05.000+0800,Android,,树屋,True
2018-11-09T09:02:51.000+0800,2018-11-09T09:33:47.000+0800,Android,,树屋,True
2018-11-09T09:59:51.000+0800,2018-11-09T10:32:44.000+0800,Android,,树屋,True
2018-11-09T10:32:45.000+0800,2018-11-09T11:11:59.000+0800,Android,,树屋,True
2018-11-09T13:45:38.000+0800,2018-11-09T14:23:37.000+0800,Android,,树屋,True
2018-11-14T13:29:35.000+0800,2018-11-14T14:22:09.000+0800,Android,,树屋,True
2018-11-14T14:31:09.000+0800,2018-11-14T15:03:10.000+0800,Android,,树屋,True
2018-11-14T15:03:11.000+0800,2018-11-14T15:32:11.000+0800,Android,,树屋,True
2018-11-14T15:32:11.000+0800,2018-11-14T16:03:05.000+0800,Android,,树屋,True
2018-11-14T16:03:12.000+0800,2018-11-14T16:35:00.000+0800,Android,,树屋,True
2018-11-14T16:35:00.000+0800,2018-11-14T17:15:14.000+0800,Android,,树屋,True
2018-11-15T13:33:08.000+0800,2018-11-15T14:36:15.000+0800,Android,,树屋,True
2018-11-15T15:35:39.000+0800,2018-11-15T16:29:36.000+0800,Android,,树屋,True
2018-11-15T16:29:48.000+0800,2018-11-15T17:05:27.000+0800,Android,,树屋,True
2018-11-15T17:05:28.000+0800,2018-11-15T17:30:39.000+0800,Android,,树屋,True
2018-11-15T17:32:59.000+0800,2018-11-15T18:03:10.000+0800,Android,,树屋,True
2018-11-15T18:03:10.000+0800,2018-11-15T18:29:25.000+0800,Android,,树屋,True
2018-11-19T10:00:35.000+0800,2018-11-19T10:25:35.000+0800,Android,,树屋,True
2018-11-19T10:44:39.000+0800,2018-11-19T11:15:47.000+0800,Android,,树屋,True
2018-11-19T13:29:44.000+0800,2018-11-19T14:16:40.000+0800,Android,,树屋,True
2018-11-19T14:32:13.000+0800,2018-11-19T15:05:43.000+0800,Android,,树屋,True
2018-11-20T10:04:43.000+0800,2018-11-20T11:03:28.000+0800,Android,,树屋,True
2018-11-20T11:03:33.000+0800,2018-11-20T11:31:27.000+0800,Android,,树屋,True
2018-11-20T11:31:28.000+0800,2018-11-20T11:57:41.000+0800,Android,,树屋,True
2018-11-20T13:31:26.000+0800,2018-11-20T14:00:38.000+0800,Android,,树屋,True
2018-11-20T14:00:39.000+0800,2018-11-20T14:32:44.000+0800,Android,,树屋,True
2018-11-20T14:32:45.000+0800,2018-11-20T15:00:18.000+0800,Android,,树屋,True
2018-11-20T15:00:19.000+0800,2018-11-20T15:29:10.000+0800,Android,,树屋,True
2018-11-20T15:29:10.000+0800,2018-11-20T16:37:34.000+0800,Android,,树屋,True
2018-11-21T09:21:34.000+0800,2018-11-21T10:04:25.000+0800,Android,,树屋,True
2018-11-28T18:01:42.000+0800,2018-11-28T19:01:05.000+0800,Android,,树屋,True
2018-11-29T13:33:35.000+0800,2018-11-29T14:01:29.000+0800,Android,,树屋,True
2018-11-29T14:01:30.000+0800,2018-11-29T14:35:19.000+0800,Android,,树屋,True
2018-11-29T14:35:20.000+0800,2018-11-29T15:06:30.000+0800,Android,,树屋,True
2018-11-30T14:02:38.000+0800,2018-11-30T14:30:23.000+0800,Android,,树屋,True
2018-11-30T15:03:14.000+0800,2018-11-30T15:56:48.000+0800,Android,,树屋,True
2018-12-01T13:31:16.000+0800,2018-12-01T14:05:05.000+0800,Android,,树屋,True
2018-12-03T13:30:11.000+0800,2018-12-03T14:01:37.000+0800,Android,,树屋,True
2018-12-03T14:01:37.000+0800,2018-12-03T14:35:31.000+0800,Android,,树屋,True
2018-12-03T14:35:32.000+0800,2018-12-03T15:08:34.000+0800,Android,,树屋,True
2018-12-03T15:08:34.000+0800,2018-12-03T15:38:41.000+0800,Android,,树屋,True
2018-12-03T15:38:42.000+0800,2018-12-03T16:22:34.000+0800,Android,,树屋,True
2018-12-05T10:01:53.000+0800,2018-12-05T10:27:58.000+0800,Android,,树屋,True
2018-12-05T10:28:03.000+0800,2018-12-05T11:05:18.000+0800,Android,,树屋,True
2018-12-05T15:22:54.000+0800,2018-12-05T15:57:36.000+0800,Android,,树屋,True
2018-12-05T16:05:23.000+0800,2018-12-05T17:00:45.000+0800,Android,,树屋,True
2018-12-05T17:00:50.000+0800,2018-12-05T18:00:46.000+0800,Android,,树屋,True
2018-12-06T10:03:19.000+0800,2018-12-06T10:28:19.000+0800,Android,,树屋,True
2018-12-06T14:00:08.000+0800,2018-12-06T14:26:04.000+0800,Android,,树屋,True
2018-12-06T14:29:34.000+0800,2018-12-06T15:31:23.000+0800,Android,,树屋,True
2018-12-06T15:31:23.000+0800,2018-12-06T17:03:52.000+0800,Android,,树屋,True
2018-12-07T10:27:53.000+0800,2018-12-07T11:15:34.000+0800,Android,,树屋,True
2018-12-07T13:34:21.000+0800,2018-12-07T13:59:21.000+0800,Android,,树屋,True
2018-12-07T14:01:35.000+0800,2018-12-07T16:01:35.000+0800,Android,,树屋,True
2018-12-09T15:11:01.000+0800,2018-12-09T16:31:32.000+0800,Android,,树屋,True
2018-12-11T10:39:59.000+0800,2018-12-11T11:31:28.000+0800,Android,,树屋,True
2018-12-11T14:31:23.000+0800,2018-12-11T16:31:23.000+0800,Android,,树屋,True
2018-12-11T16:34:34.000+0800,2018-12-11T17:01:56.000+0800,Android,,糖果树,True
2018-12-24T13:26:37.000+0800,2018-12-24T15:14:05.000+0800,Android,,糖果树,True
2018-12-27T10:29:27.000+0800,2018-12-27T11:00:53.000+0800,Android,,糖果树,True
2018-12-27T14:02:41.000+0800,2018-12-27T14:41:32.000+0800,Android,,糖果树,True
2018-12-29T10:11:35.000+0800,2018-12-29T11:46:42.000+0800,Android,,糖果树,True
2018-12-29T13:31:24.000+0800,2018-12-29T15:31:24.000+0800,Android,,糖果树,True
2019-01-04T14:29:50.000+0800,2019-01-04T16:02:28.000+0800,Android,,糖果树,True
2019-01-04T16:33:18.000+0800,2019-01-04T17:02:29.000+0800,Android,,糖果树,True
2019-01-08T14:56:46.000+0800,2019-01-08T15:27:25.000+0800,Android,,糖果树,True
2019-01-09T09:52:35.000+0800,2019-01-09T10:18:30.000+0800,Android,,糖果树,True
2019-01-09T10:22:17.000+0800,2019-01-09T10:56:11.000+0800,Android,,糖果树,True
2019-01-09T10:56:12.000+0800,2019-01-09T11:30:14.000+0800,Android,,糖果树,True
2019-01-09T11:30:15.000+0800,2019-01-09T11:59:37.000+0800,Android,,糖果树,True
2019-01-09T13:28:31.000+0800,2019-01-09T14:17:30.000+0800,Android,,糖果树,True
2019-01-10T13:33:10.000+0800,2019-01-10T15:33:10.000+0800,Android,,糖果树,True
2019-01-12T14:25:15.000+0800,2019-01-12T15:46:11.000+0800,Android,,糖果树,True
2019-01-13T15:59:43.000+0800,2019-01-13T16:29:02.000+0800,Android,,糖果树,True
2019-01-14T09:34:31.000+0800,2019-01-14T10:04:40.000+0800,Android,,糖果树,True
2019-01-14T10:04:41.000+0800,2019-01-14T10:38:29.000+0800,Android,,糖果树,True
2019-01-14T10:38:30.000+0800,2019-01-14T12:03:19.000+0800,Android,,糖果树,True
2019-01-14T15:01:22.000+0800,2019-01-14T15:29:32.000+0800,Android,,糖果树,True
2019-01-14T16:33:40.000+0800,2019-01-14T18:06:28.000+0800,Android,,糖果树,True
2019-01-16T09:48:37.000+0800,2019-01-16T10:16:12.000+0800,Android,,糖果树,True
2019-01-16T10:34:26.000+0800,2019-01-16T10:59:59.000+0800,Android,,糖果树,True
2019-01-16T11:00:00.000+0800,2019-01-16T11:27:27.000+0800,Android,,糖果树,True
2019-01-16T11:27:28.000+0800,2019-01-16T12:01:57.000+0800,Android,,糖果树,True
2019-01-16T13:27:44.000+0800,2019-01-16T13:59:18.000+0800,Android,,糖果树,True
2019-01-16T13:59:29.000+0800,2019-01-16T14:36:11.000+0800,Android,,糖果树,True
2019-01-16T14:46:58.000+0800,2019-01-16T15:46:40.000+0800,Android,,糖果树,True
2019-01-16T15:46:41.000+0800,2019-01-16T17:46:41.000+0800,Android,,糖果树,True
2019-01-21T15:06:22.000+0800,2019-01-21T16:08:23.000+0800,Android,,糖果树,True
2019-01-21T16:08:23.000+0800,2019-01-21T16:42:26.000+0800,Android,,糖果树,True
2019-01-24T14:25:11.000+0800,2019-01-24T15:41:53.000+0800,Android,,糖果树,True
2019-01-26T13:53:19.000+0800,2019-01-26T15:53:19.000+0800,Android,,糖果树,True
2019-01-29T14:27:00.000+0800,2019-01-29T14:55:16.000+0800,Android,,糖果树,True
2019-01-29T15:01:37.000+0800,2019-01-29T16:31:34.000+0800,Android,,糖果树,True
2019-01-30T10:25:57.000+0800,2019-01-30T10:57:29.000+0800,Android,,糖果树,True
2019-01-30T10:57:29.000+0800,2019-01-30T12:03:34.000+0800,Android,,糖果树,True
2019-01-30T13:33:04.000+0800,2019-01-30T14:03:00.000+0800,Android,,糖果树,True
2019-01-30T14:03:19.000+0800,2019-01-30T14:31:57.000+0800,Android,,糖果树,True
2019-01-30T14:31:58.000+0800,2019-01-30T15:01:12.000+0800,Android,,糖果树,True
2019-01-30T15:01:13.000+0800,2019-01-30T15:54:11.000+0800,Android,,糖果树,True
2019-02-12T14:56:59.000+0800,2019-02-12T15:31:37.000+0800,Android,,糖果树,True
2019-02-14T09:53:22.000+0800,2019-02-14T10:25:37.000+0800,Android,,糖果树,True
2019-02-15T10:06:34.000+0800,2019-02-15T10:45:03.000+0800,Android,,糖果树,True
2019-02-15T10:45:03.000+0800,2019-02-15T11:30:54.000+0800,Android,,糖果树,True
2019-02-19T09:39:12.000+0800,2019-02-19T10:08:26.000+0800,Android,,糖果树,True
2019-02-19T10:08:29.000+0800,2019-02-19T10:35:09.000+0800,Android,,糖果树,True
2019-02-19T10:35:10.000+0800,2019-02-19T11:04:23.000+0800,Android,,糖果树,True
2019-02-19T11:24:01.000+0800,2019-02-19T12:06:25.000+0800,Android,,糖果树,True
2019-02-19T16:56:49.000+0800,2019-02-19T17:21:49.000+0800,Android,,猴面包树,True
2019-02-19T17:24:20.000+0800,2019-02-19T17:53:36.000+0800,Android,,猴面包树,True
2019-02-20T09:33:14.000+0800,2019-02-20T10:02:56.000+0800,Android,,猴面包树,True
2019-02-20T10:03:00.000+0800,2019-02-20T10:28:59.000+0800,Android,,猴面包树,True
2019-02-20T10:30:04.000+0800,2019-02-20T11:04:42.000+0800,Android,,猴面包树,True
2019-02-20T11:33:52.000+0800,2019-02-20T12:03:45.000+0800,Android,,猴面包树,True
2019-02-20T13:35:57.000+0800,2019-02-20T14:02:51.000+0800,Android,,猴面包树,True
2019-02-20T14:02:51.000+0800,2019-02-20T14:45:51.000+0800,Android,,猴面包树,True
2019-02-20T16:35:43.000+0800,2019-02-20T17:12:44.000+0800,Android,,猴面包树,True
2019-02-21T10:34:59.000+0800,2019-02-21T11:17:32.000+0800,Android,,猴面包树,True
2019-02-22T09:31:58.000+0800,2019-02-22T11:31:58.000+0800,Android,,猴面包树,True
2019-02-26T09:45:25.000+0800,2019-02-26T10:35:20.000+0800,Android,,猴面包树,True
2019-03-01T15:27:21.000+0800,2019-03-01T16:50:26.000+0800,Android,,猴面包树,True
2019-03-04T14:29:13.000+0800,2019-03-04T15:05:15.000+0800,Android,,猴面包树,True
2019-03-04T15:05:16.000+0800,2019-03-04T15:45:17.000+0800,Android,,猴面包树,True
2019-03-04T16:51:42.000+0800,2019-03-04T17:40:51.000+0800,Android,,猴面包树,True
2019-03-12T14:25:32.000+0800,2019-03-12T14:50:32.000+0800,Android,,猴面包树,True
2019-03-22T15:27:32.000+0800,2019-03-22T16:44:45.000+0800,Android,,猴面包树,True
2019-03-24T14:05:38.000+0800,2019-03-24T14:54:22.000+0800,Android,,猴面包树,True
2019-03-24T14:54:32.000+0800,2019-03-24T16:39:07.000+0800,Android,,猴面包树,True
2019-03-24T21:03:55.000+0800,2019-03-24T21:34:45.000+0800,Android,,猴面包树,True
2019-04-01T09:48:33.000+0800,2019-04-01T10:20:01.000+0800,Android,,猴面包树,True
2019-04-01T13:30:19.000+0800,2019-04-01T14:20:40.000+0800,Android,,猴面包树,True
2019-04-01T14:35:46.000+0800,2019-04-01T15:07:05.000+0800,Android,,猴面包树,True
2019-04-01T15:07:06.000+0800,2019-04-01T15:32:16.000+0800,Android,,猴面包树,True
2019-04-01T15:57:26.000+0800,2019-04-01T17:33:35.000+0800,Android,,猴面包树,True
2019-04-02T10:04:54.000+0800,2019-04-02T10:29:54.000+0800,Android,,猴面包树,True
2019-04-02T10:35:51.000+0800,2019-04-02T11:08:26.000+0800,Android,,猴面包树,True
2019-04-02T11:08:26.000+0800,2019-04-02T11:51:49.000+0800,Android,,猴面包树,True
2019-04-03T13:30:16.000+0800,2019-04-03T14:03:23.000+0800,Android,,猴面包树,True
2019-04-07T16:13:05.000+0800,2019-04-07T18:13:05.000+0800,Android,,猴面包树,True
2019-04-09T17:32:21.000+0800,2019-04-09T17:57:26.000+0800,Android,,猴面包树,True
2019-04-10T10:01:59.000+0800,2019-04-10T11:34:51.000+0800,Android,,猴面包树,True
2019-04-13T14:57:30.000+0800,2019-04-13T16:10:08.000+0800,Android,,猴面包树,True
2019-04-15T09:40:40.000+0800,2019-04-15T11:40:40.000+0800,Android,,猴面包树,True
2019-04-15T15:30:33.000+0800,2019-04-15T16:06:54.000+0800,Android,,猴面包树,True
2019-04-16T13:46:19.000+0800,2019-04-16T14:36:14.000+0800,Android,,猴面包树,True
2019-04-16T14:36:20.000+0800,2019-04-16T15:02:06.000+0800,Android,,猴面包树,True
2019-04-23T13:54:34.000+0800,2019-04-23T14:36:33.000+0800,Android,,猴面包树,True
2019-04-23T14:36:40.000+0800,2019-04-23T16:36:40.000+0800,Android,,猴面包树,True
2019-04-24T16:53:44.000+0800,2019-04-24T17:46:52.000+0800,Android,,猴面包树,True
2019-04-28T15:09:53.000+0800,2019-04-28T17:09:53.000+0800,Android,,猴面包树,True
2019-04-29T16:15:47.000+0800,2019-04-29T16:35:47.000+0800,未设定,在 Chrome 中种的树,小树丛,True
2019-05-04T12:55:18.000+0800,2019-05-04T13:20:18.000+0800,Android,,猴面包树,True
2019-05-04T13:30:18.000+0800,2019-05-04T13:55:18.000+0800,Android,,猴面包树,True
2019-05-04T14:01:03.000+0800,2019-05-04T14:29:49.000+0800,Android,,猴面包树,True
2019-05-04T15:39:51.000+0800,2019-05-04T16:36:05.000+0800,Android,,猴面包树,True
2019-05-08T10:33:26.000+0800,2019-05-08T11:01:21.000+0800,Android,,猴面包树,True
2019-05-08T14:54:31.000+0800,2019-05-08T16:19:38.000+0800,Android,,猴面包树,True
2019-05-13T13:30:16.000+0800,2019-05-13T14:06:06.000+0800,Android,,猴面包树,True
2019-05-13T14:06:07.000+0800,2019-05-13T14:31:26.000+0800,Android,,猴面包树,True
2019-05-13T14:31:27.000+0800,2019-05-13T15:06:34.000+0800,Android,,猴面包树,True
2019-05-13T15:06:38.000+0800,2019-05-13T15:35:50.000+0800,Android,,猴面包树,True
2019-05-13T15:35:51.000+0800,2019-05-13T16:04:01.000+0800,Android,,猴面包树,True
2019-05-13T16:04:02.000+0800,2019-05-13T17:28:20.000+0800,Android,,猴面包树,True
2019-05-18T14:21:55.000+0800,2019-05-18T16:21:55.000+0800,Android,,猴面包树,True
2019-05-20T13:36:44.000+0800,2019-05-20T15:36:44.000+0800,Android,,猴面包树,True
2019-05-26T14:31:41.000+0800,2019-05-26T14:56:41.000+0800,Android,,猴面包树,True
2019-05-26T15:01:41.000+0800,2019-05-26T15:42:32.000+0800,Android,,猴面包树,True
2019-05-28T10:03:07.000+0800,2019-05-28T12:03:07.000+0800,Android,,猴面包树,True
2019-05-29T10:06:21.000+0800,2019-05-29T11:45:54.000+0800,Android,,猴面包树,True
2019-06-07T09:00:18.000+0800,2019-06-07T09:39:09.000+0800,Android,,猴面包树,True
2019-06-07T14:05:59.000+0800,2019-06-07T15:37:28.000+0800,Android,,猴面包树,True
2019-06-10T09:32:29.000+0800,2019-06-10T10:24:48.000+0800,Android,,猴面包树,True
2019-06-10T14:05:51.000+0800,2019-06-10T14:39:07.000+0800,Android,,猴面包树,True
2019-07-19T13:57:49.000+0800,2019-07-19T14:22:49.000+0800,未设定,,雪松,True
2019-07-20T13:31:00.000+0800,2019-07-20T13:56:00.000+0800,未设定,,雪松,True
2019-07-29T09:48:43.000+0800,2019-07-29T10:13:43.000+0800,未设定,,雪松,True
2019-07-29T10:18:04.000+0800,2019-07-29T10:43:04.000+0800,未设定,,雪松,True
2019-07-30T14:27:55.000+0800,2019-07-30T14:47:55.000+0800,未设定,在 Chrome 中种的树,小树丛,True
2019-07-30T15:06:00.000+0800,2019-07-30T15:31:00.000+0800,未设定,,雪松,True
2019-08-02T22:10:02.000+0800,2019-08-02T22:13:42.000+0800,未设定,,雪松,False
2019-08-12T09:38:07.000+0800,2019-08-12T09:40:40.000+0800,未设定,在 Chrome 中种的树,章鱼,False
2019-08-12T14:52:27.000+0800,2019-08-12T15:17:27.000+0800,未设定,在 Chrome 中种的树,柠檬树,True
2019-08-14T15:03:06.000+0800,2019-08-14T15:28:06.000+0800,未设定,在 Chrome 中种的树,柠檬树,True
2019-08-15T10:03:32.000+0800,2019-08-15T10:28:32.000+0800,未设定,在 Chrome 中种的树,章鱼,True
2019-08-15T10:35:40.000+0800,2019-08-15T11:00:40.000+0800,未设定,在 Chrome 中种的树,章鱼,True
2019-08-20T14:03:05.000+0800,2019-08-20T14:28:05.000+0800,未设定,在 Chrome 中种的树,章鱼,True
2019-08-20T14:29:33.000+0800,2019-08-20T14:54:33.000+0800,未设定,在 Chrome 中种的树,章鱼,True
2019-08-20T15:36:03.000+0800,2019-08-20T16:01:03.000+0800,未设定,在 Chrome 中种的树,章鱼,True
2019-08-20T16:02:40.000+0800,2019-08-20T16:27:40.000+0800,未设定,在 Chrome 中种的树,章鱼,True
2019-08-21T14:57:18.000+0800,2019-08-21T15:22:18.000+0800,未设定,在 Chrome 中种的树,章鱼,True
2019-08-21T15:27:57.000+0800,2019-08-21T15:52:57.000+0800,未设定,在 Chrome 中种的树,章鱼,True
2019-08-21T16:35:38.000+0800,2019-08-21T17:05:38.000+0800,未设定,在 Chrome 中种的树,章鱼,True
2019-08-23T09:49:45.000+0800,2019-08-23T10:14:45.000+0800,未设定,在 Chrome 中种的树,章鱼,True
2019-08-23T10:18:34.000+0800,2019-08-23T10:43:34.000+0800,未设定,在 Chrome 中种的树,章鱼,True
2019-08-23T10:49:02.000+0800,2019-08-23T11:14:02.000+0800,未设定,在 Chrome 中种的树,章鱼,True
2019-08-25T14:40:11.000+0800,2019-08-25T15:05:11.000+0800,未设定,在 Chrome 中种的树,章鱼,True
2019-08-29T17:01:06.000+0800,2019-08-29T17:26:06.000+0800,未设定,在 Chrome 中种的树,章鱼,True
2019-08-29T17:31:25.000+0800,2019-08-29T17:56:25.000+0800,未设定,在 Chrome 中种的树,章鱼,True
2019-08-29T18:01:54.000+0800,2019-08-29T18:26:54.000+0800,未设定,在 Chrome 中种的树,章鱼,True
2019-08-30T13:54:34.000+0800,2019-08-30T14:19:34.000+0800,未设定,在 Chrome 中种的树,章鱼,True
2019-08-30T14:22:29.000+0800,2019-08-30T14:47:29.000+0800,未设定,在 Chrome 中种的树,章鱼,True
2019-08-31T13:03:03.000+0800,2019-08-31T13:28:03.000+0800,未设定,在 Chrome 中种的树,章鱼,True
2019-08-31T13:29:18.000+0800,2019-08-31T13:54:18.000+0800,未设定,在 Chrome 中种的树,章鱼,True
2019-08-31T14:06:50.000+0800,2019-08-31T14:31:50.000+0800,未设定,在 Chrome 中种的树,章鱼,True
2019-08-31T14:32:03.000+0800,2019-08-31T14:57:03.000+0800,未设定,在 Chrome 中种的树,章鱼,True
2019-09-01T14:58:34.000+0800,2019-09-01T15:23:34.000+0800,未设定,在 Chrome 中种的树,章鱼,True
2019-09-01T15:27:03.000+0800,2019-09-01T15:52:03.000+0800,未设定,在 Chrome 中种的树,章鱼,True
2019-09-01T16:01:57.000+0800,2019-09-01T16:26:57.000+0800,未设定,在 Chrome 中种的树,章鱼,True
2019-09-04T14:08:08.000+0800,2019-09-04T14:33:08.000+0800,未设定,在 Chrome 中种的树,章鱼,True
2019-09-04T16:04:57.000+0800,2019-09-04T16:29:57.000+0800,未设定,在 Chrome 中种的树,章鱼,True
2019-09-04T16:30:19.000+0800,2019-09-04T16:55:19.000+0800,未设定,在 Chrome 中种的树,章鱼,True
2019-09-04T21:55:21.000+0800,2019-09-04T22:20:21.000+0800,未设定,,一棵开花的树,True
2019-09-07T13:57:57.000+0800,2019-09-07T14:22:57.000+0800,未设定,在 Chrome 中种的树,章鱼,True
2019-09-07T14:26:27.000+0800,2019-09-07T14:51:27.000+0800,未设定,在 Chrome 中种的树,章鱼,True
2019-09-07T14:55:19.000+0800,2019-09-07T15:20:19.000+0800,未设定,在 Chrome 中种的树,章鱼,True
2019-09-07T15:26:11.000+0800,2019-09-07T15:51:11.000+0800,未设定,在 Chrome 中种的树,章鱼,True
2019-09-07T15:55:19.000+0800,2019-09-07T16:20:19.000+0800,未设定,在 Chrome 中种的树,章鱼,True
2019-09-07T16:33:59.000+0800,2019-09-07T16:58:59.000+0800,未设定,在 Chrome 中种的树,章鱼,True
2019-09-08T14:53:36.000+0800,2019-09-08T15:18:36.000+0800,未设定,在 Chrome 中种的树,章鱼,True
2019-09-08T16:30:46.000+0800,2019-09-08T16:55:46.000+0800,未设定,在 Chrome 中种的树,章鱼,True
2019-09-08T18:11:42.000+0800,2019-09-08T18:36:42.000+0800,未设定,在 Chrome 中种的树,章鱼,True
2019-09-18T13:39:26.000+0800,2019-09-18T14:04:26.000+0800,未设定,在 Chrome 中种的树,章鱼,True
2019-09-18T14:07:40.000+0800,2019-09-18T14:32:40.000+0800,未设定,在 Chrome 中种的树,章鱼,True
2019-10-02T15:32:29.000+0800,2019-10-02T15:57:29.000+0800,未设定,,一棵开花的树,True
2019-11-05T10:38:13.000+0800,2019-11-05T11:03:13.000+0800,未设定,,一棵开花的树,True
2019-11-05T16:28:52.000+0800,2019-11-05T16:53:52.000+0800,未设定,,一棵开花的树,True
2019-11-06T16:09:20.000+0800,2019-11-06T16:34:20.000+0800,未设定,,一棵开花的树,True
2019-11-06T16:34:47.000+0800,2019-11-06T16:59:47.000+0800,未设定,,一棵开花的树,True
2019-11-06T17:29:25.000+0800,2019-11-06T17:54:25.000+0800,未设定,,一棵开花的树,True
2019-11-12T09:59:49.000+0800,2019-11-12T10:24:49.000+0800,未设定,,一棵开花的树,True
2019-11-12T16:56:28.000+0800,2019-11-12T17:21:28.000+0800,未设定,,一棵开花的树,True
2019-11-13T14:37:50.000+0800,2019-11-13T15:02:50.000+0800,未设定,,一棵开花的树,True
2019-11-14T09:34:21.000+0800,2019-11-14T09:59:21.000+0800,未设定,,一棵开花的树,True
2019-11-14T10:30:00.000+0800,2019-11-14T10:55:00.000+0800,未设定,,一棵开花的树,True
2019-11-14T11:01:05.000+0800,2019-11-14T11:26:05.000+0800,未设定,,一棵开花的树,True
2019-11-19T13:50:52.000+0800,2019-11-19T14:15:52.000+0800,未设定,,一棵开花的树,True
2019-12-02T15:02:43.000+0800,2019-12-02T15:27:43.000+0800,未设定,,一棵开花的树,True
2019-12-02T15:39:17.000+0800,2019-12-02T16:04:17.000+0800,未设定,,一棵开花的树,True
2020-01-19T10:42:28.000+0800,2020-01-19T11:07:28.000+0800,未设定,,苹果树,True
2020-02-07T21:04:25.000+0800,2020-02-07T21:29:25.000+0800,未设定,,苹果树,True
2020-02-10T17:25:17.000+0800,2020-02-10T17:50:17.000+0800,未设定,,苹果树,True
2020-02-11T11:07:47.000+0800,2020-02-11T11:32:47.000+0800,未设定,,苹果树,True
2020-02-11T14:32:24.000+0800,2020-02-11T14:57:24.000+0800,未设定,,苹果树,True
2020-02-11T22:59:17.000+0800,2020-02-11T23:29:17.000+0800,未设定,,苹果树,True
2020-02-16T15:00:56.000+0800,2020-02-16T15:25:56.000+0800,未设定,,苹果树,True
2020-02-16T15:33:31.000+0800,2020-02-16T15:58:31.000+0800,未设定,,苹果树,True
2020-02-16T15:59:50.234+0800,2020-02-16T16:24:50.234+0800,未设定,,苹果树,True
2020-02-27T13:52:55.314+0800,2020-02-27T14:17:55.314+0800,未设定,,星星珊瑚,True
2020-03-06T11:34:56.343+0800,2020-03-06T11:59:56.343+0800,未设定,,星星珊瑚,True
2020-03-25T13:33:30.325+0800,2020-03-25T13:58:30.325+0800,未设定,,星星珊瑚,True
2020-03-25T14:01:20.559+0800,2020-03-25T14:26:20.559+0800,未设定,,星星珊瑚,True
2020-03-25T14:33:29.205+0800,2020-03-25T14:58:29.205+0800,未设定,,星星珊瑚,True
2020-04-23T14:00:24.115+0800,2020-04-23T14:25:24.115+0800,未设定,在 Chrome 中种的树,雪松,True
2020-04-23T14:34:45.567+0800,2020-04-23T14:59:45.567+0800,未设定,在 Chrome 中种的树,雪松,True
2020-04-23T15:02:51.884+0800,2020-04-23T15:27:51.884+0800,未设定,在 Chrome 中种的树,雪松,True
2020-04-23T15:29:20.021+0800,2020-04-23T15:54:20.021+0800,未设定,在 Chrome 中种的树,雪松,True
2020-04-23T19:32:40.386+0800,2020-04-23T19:57:40.386+0800,未设定,在 Chrome 中种的树,雪松,True
2020-04-24T10:01:35.035+0800,2020-04-24T10:26:35.035+0800,未设定,在 Chrome 中种的树,雪松,True
2020-04-24T10:31:14.596+0800,2020-04-24T10:56:14.596+0800,未设定,在 Chrome 中种的树,雪松,True
2020-04-26T10:06:38.063+0800,2020-04-26T10:31:38.063+0800,未设定,在 Chrome 中种的树,雪松,True
2020-04-26T10:36:49.887+0800,2020-04-26T11:01:49.887+0800,未设定,在 Chrome 中种的树,雪松,True
2020-04-26T11:03:15.381+0800,2020-04-26T11:28:15.381+0800,未设定,在 Chrome 中种的树,雪松,True
2020-04-26T14:33:21.710+0800,2020-04-26T14:58:21.710+0800,未设定,在 Chrome 中种的树,雪松,True
2020-04-27T13:30:52.440+0800,2020-04-27T13:55:52.440+0800,未设定,,星星珊瑚,True
2020-04-27T14:05:30.382+0800,2020-04-27T14:30:30.382+0800,未设定,在 Chrome 中种的树,雪松,True
2020-04-27T14:33:56.502+0800,2020-04-27T14:58:56.502+0800,未设定,在 Chrome 中种的树,雪松,True
2020-04-27T15:00:02.674+0800,2020-04-27T15:25:02.674+0800,未设定,在 Chrome 中种的树,雪松,True
2020-04-27T15:34:34.269+0800,2020-04-27T15:59:34.269+0800,未设定,在 Chrome 中种的树,雪松,True
2020-04-30T11:06:48.424+0800,2020-04-30T11:31:48.424+0800,未设定,在 Chrome 中种的树,雪松,True
2020-04-30T13:44:27.248+0800,2020-04-30T14:09:27.248+0800,未设定,在 Chrome 中种的树,雪松,True
2020-05-01T14:38:20.294+0800,2020-05-01T15:03:20.294+0800,未设定,,星星珊瑚,True
2020-05-07T10:33:45.543+0800,2020-05-07T10:58:45.543+0800,未设定,在 Chrome 中种的树,雪松,True
2020-05-18T14:06:41.977+0800,2020-05-18T14:31:41.977+0800,未设定,在 Chrome 中种的树,雪松,True
2020-05-19T10:35:32.076+0800,2020-05-19T11:00:32.076+0800,未设定,在 Chrome 中种的树,雪松,True
2020-05-19T15:02:15.674+0800,2020-05-19T15:27:15.674+0800,未设定,在 Chrome 中种的树,雪松,True
2020-05-19T15:33:46.251+0800,2020-05-19T15:58:46.251+0800,未设定,,星星珊瑚,True
2020-05-22T15:01:23.284+0800,2020-05-22T15:26:23.284+0800,未设定,在 Chrome 中种的树,雪松,True
2020-06-01T17:00:19.408+0800,2020-06-01T17:25:19.408+0800,未设定,在 Chrome 中种的树,雪松,True
2020-06-02T13:32:15.650+0800,2020-06-02T13:57:15.650+0800,未设定,,星星珊瑚,True
2020-06-09T11:04:02.561+0800,2020-06-09T11:29:02.561+0800,未设定,,星星珊瑚,True
2020-06-09T11:29:55.581+0800,2020-06-09T11:54:55.581+0800,未设定,,星星珊瑚,True
2020-06-10T11:04:20.771+0800,2020-06-10T11:29:20.771+0800,未设定,,星星珊瑚,True
2020-06-10T13:58:30.732+0800,2020-06-10T14:23:30.732+0800,未设定,,星星珊瑚,True
2020-06-10T15:07:42.437+0800,2020-06-10T15:32:42.437+0800,未设定,,星星珊瑚,True
2020-06-12T14:03:57.354+0800,2020-06-12T14:28:57.354+0800,未设定,,星星珊瑚,True
2020-06-17T13:39:03.713+0800,2020-06-17T14:04:03.713+0800,未设定,在 Chrome 中种的树,雪松,True
2020-06-24T10:06:18.149+0800,2020-06-24T10:31:18.149+0800,未设定,在 Chrome 中种的树,雪松,True
2020-06-28T10:01:33.501+0800,2020-06-28T10:26:33.501+0800,未设定,,星星珊瑚,True
2020-06-28T15:01:32.969+0800,2020-06-28T15:26:32.969+0800,未设定,在 Chrome 中种的树,雪松,True
2020-06-29T09:37:39.694+0800,2020-06-29T10:02:39.694+0800,未设定,在 Chrome 中种的树,雪松,True
2020-06-30T09:55:03.477+0800,2020-06-30T10:20:03.477+0800,工作,,星星珊瑚,True
2020-06-30T10:24:15.446+0800,2020-06-30T10:49:15.446+0800,工作,,星星珊瑚,True
2020-06-30T10:55:54.586+0800,2020-06-30T11:20:54.586+0800,工作,,星星珊瑚,True
2020-06-30T11:27:27.092+0800,2020-06-30T11:52:27.092+0800,工作,,星星珊瑚,True
2020-06-30T13:42:30.024+0800,2020-06-30T14:07:30.024+0800,工作,,星星珊瑚,True
2020-06-30T16:03:59.244+0800,2020-06-30T16:28:59.244+0800,工作,,星星珊瑚,True
2020-07-02T13:34:05.605+0800,2020-07-02T13:59:05.605+0800,未设定,在 Chrome 中种的树,雪松,True
2020-07-06T10:03:37.884+0800,2020-07-06T10:28:37.884+0800,未设定,在 Chrome 中种的树,雪松,True
2020-07-06T15:23:52.891+0800,2020-07-06T15:48:52.891+0800,工作,,星星珊瑚,True
2020-07-06T16:05:11.322+0800,2020-07-06T16:30:11.322+0800,工作,,星星珊瑚,True
2020-07-07T10:35:11.010+0800,2020-07-07T11:00:11.010+0800,工作,,星星珊瑚,True
2020-07-07T11:00:28.004+0800,2020-07-07T11:25:28.004+0800,工作,,星星珊瑚,True
2020-07-07T15:32:32.610+0800,2020-07-07T15:57:32.610+0800,工作,,星星珊瑚,True
2020-07-07T16:03:02.146+0800,2020-07-07T16:28:02.146+0800,工作,,星星珊瑚,True
2020-07-07T16:35:47.444+0800,2020-07-07T17:00:47.444+0800,工作,,星星珊瑚,True
2020-07-07T17:30:22.252+0800,2020-07-07T17:55:22.252+0800,工作,,星星珊瑚,True
2020-07-07T18:01:52.099+0800,2020-07-07T18:26:52.099+0800,工作,,星星珊瑚,True
2020-07-08T10:02:35.353+0800,2020-07-08T10:27:35.353+0800,工作,,星星珊瑚,True
2020-07-08T10:34:26.544+0800,2020-07-08T10:59:26.544+0800,工作,,星星珊瑚,True
2020-07-08T13:36:01.213+0800,2020-07-08T14:01:01.213+0800,工作,,星星珊瑚,True
2020-07-08T14:03:24.917+0800,2020-07-08T14:28:24.917+0800,工作,,星星珊瑚,True
2020-07-08T15:05:46.660+0800,2020-07-08T15:30:46.660+0800,工作,,星星珊瑚,True
2020-07-08T15:31:05.258+0800,2020-07-08T15:56:05.258+0800,工作,,星星珊瑚,True
2020-07-08T16:05:18.189+0800,2020-07-08T16:30:18.189+0800,工作,,星星珊瑚,True
2020-07-14T09:24:19.111+0800,2020-07-14T09:49:19.111+0800,工作,,星星珊瑚,True
2020-07-14T10:04:30.974+0800,2020-07-14T10:29:30.974+0800,工作,,星星珊瑚,True
2020-07-14T10:35:17.897+0800,2020-07-14T11:00:17.897+0800,工作,,星星珊瑚,True
2020-07-14T11:03:17.468+0800,2020-07-14T11:28:17.468+0800,工作,,星星珊瑚,True
2020-07-15T17:32:42.488+0800,2020-07-15T17:57:42.488+0800,工作,,星星珊瑚,True
2020-07-15T17:59:31.229+0800,2020-07-15T18:24:31.229+0800,工作,,星星珊瑚,True
2020-08-21T14:01:08.964+0800,2020-08-21T14:26:08.964+0800,未设定,在 Chrome 中种的树,雪松,True
2020-08-21T14:34:01.773+0800,2020-08-21T14:59:01.773+0800,工作,,星星珊瑚,True
2020-08-24T13:34:35.394+0800,2020-08-24T13:59:35.394+0800,工作,,星星珊瑚,True
2020-08-28T15:02:07.554+0800,2020-08-28T15:27:07.554+0800,工作,,星星珊瑚,True
2020-08-31T19:31:27.157+0800,2020-08-31T20:01:27.157+0800,未设定,在 Chrome 中种的树,雪松,True
2020-09-03T09:00:19.187+0800,2020-09-03T09:25:19.187+0800,工作,,星星珊瑚,True
2020-09-03T09:33:39.651+0800,2020-09-03T09:58:39.651+0800,工作,,星星珊瑚,True
2020-09-03T10:05:31.511+0800,2020-09-03T10:30:31.511+0800,工作,,星星珊瑚,True
2020-09-03T10:38:34.399+0800,2020-09-03T11:03:34.399+0800,工作,,星星珊瑚,True
2020-09-08T12:50:02.784+0800,2020-09-08T13:15:02.784+0800,工作,,星星珊瑚,True
2020-09-11T08:32:34.775+0800,2020-09-11T08:57:34.775+0800,工作,,星星珊瑚,True
2020-09-15T14:06:23.733+0800,2020-09-15T14:31:23.733+0800,工作,,星星珊瑚,True
2020-09-25T10:02:25.253+0800,2020-09-25T10:27:25.253+0800,工作,,星星珊瑚,True
2020-09-28T13:31:16.396+0800,2020-09-28T13:56:16.396+0800,工作,,星星珊瑚,True
2020-09-28T15:20:34.373+0800,2020-09-28T15:45:34.373+0800,工作,,星星珊瑚,True
2020-09-30T08:45:03.577+0800,2020-09-30T09:10:03.577+0800,工作,,星星珊瑚,True
2020-09-30T09:17:19.467+0800,2020-09-30T09:42:19.467+0800,工作,,星星珊瑚,True
2020-09-30T10:08:09.826+0800,2020-09-30T10:33:09.826+0800,工作,,星星珊瑚,True
2020-09-30T17:01:55.752+0800,2020-09-30T17:26:55.752+0800,工作,,星星珊瑚,True
2020-10-02T17:03:00.464+0800,2020-10-02T17:28:00.464+0800,Android,,一株很大的草,True
2020-10-02T17:34:17.469+0800,2020-10-02T17:59:17.469+0800,Android,,一株很大的草,True
2020-10-02T18:03:49.781+0800,2020-10-02T18:28:49.781+0800,Android,,一株很大的草,True
2020-10-02T18:39:08.479+0800,2020-10-02T19:04:08.479+0800,Android,,一株很大的草,True
2020-10-02T22:10:33.531+0800,2020-10-02T22:35:33.531+0800,Android,,南瓜,True
2020-10-02T22:47:47.075+0800,2020-10-02T23:12:47.075+0800,Android,,南瓜,True
2020-10-02T23:15:17.977+0800,2020-10-02T23:40:17.977+0800,Android,,南瓜,True
2020-10-03T11:27:50.403+0800,2020-10-03T11:52:50.403+0800,Android,,南瓜,True
2020-10-03T13:27:38.195+0800,2020-10-03T13:52:38.195+0800,Android,,南瓜,True
2020-10-05T14:00:41.061+0800,2020-10-05T14:25:41.061+0800,Android,,南瓜,True
2020-10-05T14:30:40.182+0800,2020-10-05T14:55:40.182+0800,Android,,南瓜,True
2020-10-05T15:02:02.324+0800,2020-10-05T15:27:02.324+0800,Android,,南瓜,True
2020-10-05T15:32:04.451+0800,2020-10-05T15:57:04.451+0800,Android,,南瓜,True
2020-10-06T15:40:03.665+0800,2020-10-06T16:10:03.665+0800,未设定,在 Chrome 中种的树,雪松,True
2020-10-06T16:22:07.411+0800,2020-10-06T16:47:07.411+0800,Android,,南瓜,True
2020-10-06T16:52:23.696+0800,2020-10-06T17:17:23.696+0800,Android,,南瓜,True
2020-10-06T18:09:54.138+0800,2020-10-06T18:34:54.138+0800,Android,,南瓜,True
2020-10-08T18:48:03.261+0800,2020-10-08T19:13:03.261+0800,Android,,南瓜,True
2020-10-08T19:27:24.083+0800,2020-10-08T19:52:24.083+0800,Android,,南瓜,True
2020-10-09T09:34:21.299+0800,2020-10-09T09:59:21.299+0800,Android,,南瓜,True
2020-10-09T10:02:56.045+0800,2020-10-09T10:27:56.045+0800,Android,,南瓜,True
2020-10-09T10:35:14.291+0800,2020-10-09T11:00:14.291+0800,Android,,南瓜,True
2020-10-09T11:21:20.697+0800,2020-10-09T11:46:20.697+0800,Android,,南瓜,True
2020-10-09T12:02:22.418+0800,2020-10-09T12:27:22.418+0800,Android,,南瓜,True
2020-10-09T14:06:15.831+0800,2020-10-09T14:31:15.831+0800,Android,,南瓜,True
2020-10-09T15:44:53.166+0800,2020-10-09T16:09:53.166+0800,Android,,南瓜,True
2020-10-11T23:01:02.198+0800,2020-10-11T23:26:02.198+0800,Android,,南瓜,True
2020-10-12T09:11:33.142+0800,2020-10-12T09:36:33.142+0800,Android,,南瓜,True
2020-10-12T13:56:06.738+0800,2020-10-12T14:21:06.738+0800,Android,,南瓜,True
2020-10-12T19:16:01.110+0800,2020-10-12T19:41:01.110+0800,工作,,星星珊瑚,True
2020-10-13T14:07:23.249+0800,2020-10-13T14:32:23.249+0800,Android,,星星珊瑚,True
2020-10-13T14:44:51.690+0800,2020-10-13T15:09:51.690+0800,Android,,星星珊瑚,True
2020-10-15T14:36:59.128+0800,2020-10-15T15:01:59.128+0800,Android,,星星珊瑚,True
2020-10-15T15:05:39.717+0800,2020-10-15T15:30:39.717+0800,Android,,星星珊瑚,True
2020-10-15T17:34:06.349+0800,2020-10-15T17:59:06.349+0800,Android,,星星珊瑚,True
2020-10-16T14:32:18.779+0800,2020-10-16T14:57:18.779+0800,Android,,星星珊瑚,True
2020-10-17T14:28:23.284+0800,2020-10-17T14:53:23.284+0800,Android,,星星珊瑚,True
2020-10-17T15:15:01.712+0800,2020-10-17T15:40:01.712+0800,Android,,星星珊瑚,True
2020-10-22T14:30:10.220+0800,2020-10-22T14:55:10.220+0800,算法,,星星珊瑚,True
2020-10-22T14:56:29.851+0800,2020-10-22T15:21:29.851+0800,算法,,星星珊瑚,True
2020-10-22T16:00:53.039+0800,2020-10-22T16:25:53.039+0800,Leetcode,,星星珊瑚,True
2020-10-23T10:03:30.168+0800,2020-10-23T10:28:30.168+0800,算法,,星星珊瑚,True
2020-10-23T10:49:36.252+0800,2020-10-23T11:14:36.252+0800,算法,,星星珊瑚,True
2020-10-29T10:04:22.609+0800,2020-10-29T10:29:22.609+0800,Android,,星星珊瑚,True
2020-10-29T10:30:59.694+0800,2020-10-29T10:55:59.694+0800,Android,,星星珊瑚,True
2020-10-31T08:52:33.213+0800,2020-10-31T09:17:33.213+0800,Android,,星星珊瑚,True
2020-10-31T09:31:00.601+0800,2020-10-31T09:56:00.601+0800,Android,,星星珊瑚,True
2020-11-02T08:47:54.972+0800,2020-11-02T09:12:54.972+0800,Android,,星星珊瑚,True
2020-11-02T09:20:00.614+0800,2020-11-02T09:45:00.614+0800,Android,,星星珊瑚,True
2020-11-02T10:34:57.727+0800,2020-11-02T10:59:57.727+0800,Android,,星星珊瑚,True
2020-11-02T15:26:53.260+0800,2020-11-02T15:51:53.260+0800,工作,,星星珊瑚,True
2020-11-03T13:58:59.903+0800,2020-11-03T14:23:59.903+0800,Android,,星星珊瑚,True
2020-11-03T19:03:40.056+0800,2020-11-03T19:33:40.056+0800,未设定,在 Chrome 中种的树,雪松,True
2020-11-04T09:28:16.943+0800,2020-11-04T09:53:16.943+0800,Android,,星星珊瑚,True
2020-11-05T09:01:32.344+0800,2020-11-05T09:26:32.344+0800,工作,,星星珊瑚,True
2020-11-05T09:35:21.307+0800,2020-11-05T10:00:21.307+0800,未设定,在 Chrome 中种的树,稻草人,True
2020-11-05T10:13:08.286+0800,2020-11-05T10:38:08.286+0800,工作,,星星珊瑚,True
2020-11-05T10:44:26.708+0800,2020-11-05T11:09:26.708+0800,工作,,星星珊瑚,True
2020-11-05T14:05:04.577+0800,2020-11-05T14:30:04.577+0800,工作,,星星珊瑚,True
2020-11-05T15:40:53.487+0800,2020-11-05T16:05:53.487+0800,工作,,星星珊瑚,True
2020-11-06T09:00:25.374+0800,2020-11-06T09:25:25.374+0800,工作,,星星珊瑚,True
2020-11-06T09:31:53.018+0800,2020-11-06T09:56:53.018+0800,工作,,星星珊瑚,True
2020-11-09T20:08:34.475+0800,2020-11-09T20:33:34.475+0800,算法,,星星珊瑚,True
2020-11-11T13:58:13.403+0800,2020-11-11T14:23:13.403+0800,Android,,星星珊瑚,True
2020-11-12T14:02:19.552+0800,2020-11-12T14:27:19.552+0800,Android,,星星珊瑚,True
2020-11-12T14:37:17.251+0800,2020-11-12T15:02:17.251+0800,Android,,星星珊瑚,True
2020-11-14T08:38:43.518+0800,2020-11-14T09:03:43.518+0800,算法,,星星珊瑚,True
2020-11-14T10:25:46.652+0800,2020-11-14T10:50:46.652+0800,Android,,星星珊瑚,True
2020-11-14T10:59:11.452+0800,2020-11-14T11:24:11.452+0800,Android,,星星珊瑚,True
2020-11-17T14:01:44.894+0800,2020-11-17T14:26:44.894+0800,工作,,星星珊瑚,True
2020-11-17T14:32:14.269+0800,2020-11-17T14:57:14.269+0800,工作,,星星珊瑚,True
2020-11-17T15:07:39.235+0800,2020-11-17T15:32:39.235+0800,工作,,星星珊瑚,True
2020-11-17T15:55:18.001+0800,2020-11-17T16:20:18.001+0800,未设定,在 Chrome 中种的树,稻草人,True
2020-11-18T09:07:23.550+0800,2020-11-18T09:32:23.550+0800,工作,,星星珊瑚,True
2020-11-18T09:39:00.719+0800,2020-11-18T10:04:00.719+0800,工作,,星星珊瑚,True
2020-11-19T14:02:23.000+0800,2020-11-19T14:27:23.000+0800,工作,,雪松,True
2020-11-19T14:34:02.000+0800,2020-11-19T14:59:02.000+0800,工作,,雪松,True
2020-11-19T15:06:43.000+0800,2020-11-19T15:31:43.000+0800,工作,,雪松,True
2020-11-19T15:35:06.000+0800,2020-11-19T16:00:06.000+0800,工作,,雪松,True
2020-11-19T16:02:54.000+0800,2020-11-19T16:27:54.000+0800,工作,,樱花,True
2020-11-19T16:31:07.000+0800,2020-11-19T16:56:07.000+0800,工作,,樱花,True
2020-11-20T08:30:46.000+0800,2020-11-20T08:55:46.000+0800,工作,,樱花,True
2020-11-20T13:54:52.000+0800,2020-11-20T14:19:52.000+0800,Android,,樱花,True
2020-11-20T14:20:37.000+0800,2020-11-20T14:45:37.000+0800,Android,,樱花,True
2020-11-20T15:05:01.000+0800,2020-11-20T15:25:13.000+0800,Android,,樱花,False
2020-11-20T16:06:44.000+0800,2020-11-20T16:31:44.000+0800,Android,,樱花,True
2020-11-22T15:12:02.331+0800,2020-11-22T15:37:02.331+0800,算法,,星星珊瑚,True
2020-11-22T15:43:33.508+0800,2020-11-22T16:08:33.508+0800,算法,,星星珊瑚,True
2020-11-22T16:11:59.852+0800,2020-11-22T16:36:59.852+0800,算法,,星星珊瑚,True
2020-11-22T16:43:29.000+0800,2020-11-22T17:08:29.000+0800,算法,,樱花,True
2020-11-22T17:14:09.000+0800,2020-11-22T17:39:09.000+0800,算法,,樱花,True
2020-11-22T17:41:40.000+0800,2020-11-22T18:06:40.000+0800,算法,,樱花,True
2020-11-22T18:12:52.000+0800,2020-11-22T18:37:52.000+0800,算法,,樱花,True
2020-11-23T10:26:34.845+0800,2020-11-23T10:56:34.845+0800,Leetcode,,星星珊瑚,True
2020-11-23T14:01:15.431+0800,2020-11-23T14:31:15.431+0800,Android,,星星珊瑚,True
2020-11-23T14:35:22.652+0800,2020-11-23T15:05:22.652+0800,Android,,星星珊瑚,True
2020-11-23T15:13:49.492+0800,2020-11-23T15:43:49.492+0800,Android,,星星珊瑚,True
2020-11-24T14:14:51.213+0800,2020-11-24T14:44:51.213+0800,Android,,星星珊瑚,True
2020-11-24T14:50:32.971+0800,2020-11-24T15:20:32.971+0800,Android,,星星珊瑚,True
2020-11-24T15:26:51.179+0800,2020-11-24T15:56:51.179+0800,Android,,星星珊瑚,True
2020-11-25T08:38:33.000+0800,2020-11-25T09:08:33.000+0800,算法,,樱花,True
2020-11-25T09:16:28.000+0800,2020-11-25T09:46:28.000+0800,算法,,樱花,True
2020-11-25T09:49:36.000+0800,2020-11-25T10:19:36.000+0800,算法,,樱花,True
2020-11-25T10:49:28.000+0800,2020-11-25T11:19:28.000+0800,算法,,樱花,True
2020-11-25T14:03:30.000+0800,2020-11-25T14:33:30.000+0800,Android,,樱花,True
2020-11-25T14:36:42.000+0800,2020-11-25T15:06:42.000+0800,算法,,樱花,True
2020-11-26T08:37:32.000+0800,2020-11-26T09:07:32.000+0800,算法,,樱花,True
2020-11-26T09:08:22.000+0800,2020-11-26T09:38:22.000+0800,算法,,樱花,True
2020-11-26T09:59:23.000+0800,2020-11-26T10:29:23.000+0800,算法,,樱花,True
2020-11-26T10:30:41.000+0800,2020-11-26T11:00:41.000+0800,算法,,樱花,True
2020-11-27T14:03:14.000+0800,2020-11-27T14:33:14.000+0800,未设定,,樱花,True
2020-11-27T14:41:02.000+0800,2020-11-27T14:50:00.000+0800,未设定,,樱花,False
2020-11-28T09:35:37.000+0800,2020-11-28T10:05:37.000+0800,未设定,,樱花,True
2020-11-28T10:06:33.000+0800,2020-11-28T10:36:33.000+0800,未设定,,樱花,True
2020-11-28T14:39:53.000+0800,2020-11-28T15:09:53.000+0800,未设定,,樱花,True
2020-11-30T09:21:37.000+0800,2020-11-30T09:51:37.000+0800,Android,,樱花,True
2020-11-30T10:36:15.000+0800,2020-11-30T11:06:15.000+0800,Android,,樱花,True
2020-11-30T14:00:37.000+0800,2020-11-30T14:30:37.000+0800,Android,,樱花,True
2020-11-30T14:57:28.000+0800,2020-11-30T15:27:28.000+0800,Android,,樱花,True
2020-11-30T15:28:54.000+0800,2020-11-30T15:58:54.000+0800,Android,,樱花,True
2020-11-30T16:38:21.000+0800,2020-11-30T17:08:21.000+0800,Android,,樱花,True
2020-11-30T17:11:15.000+0800,2020-11-30T17:41:15.000+0800,Android,,樱花,True
2020-11-30T18:53:48.000+0800,2020-11-30T19:23:48.000+0800,Android,,樱花,True
2020-12-01T08:34:20.000+0800,2020-12-01T09:04:20.000+0800,算法,,樱花,True
2020-12-01T09:04:34.000+0800,2020-12-01T09:34:34.000+0800,算法,,樱花,True
2020-12-01T09:34:47.000+0800,2020-12-01T10:04:47.000+0800,算法,,樱花,True
2020-12-01T13:20:29.000+0800,2020-12-01T13:50:29.000+0800,算法,,樱花,True
2020-12-01T14:09:31.000+0800,2020-12-01T14:39:31.000+0800,未设定,,樱花,True
2020-12-01T14:45:32.000+0800,2020-12-01T15:15:32.000+0800,未设定,,樱花,True
2020-12-01T17:02:08.000+0800,2020-12-01T17:10:01.000+0800,未设定,,樱花,False
2020-12-02T11:11:56.000+0800,2020-12-02T11:41:56.000+0800,Android,,樱花,True
2020-12-02T14:37:13.000+0800,2020-12-02T15:07:13.000+0800,Android,,樱花,True
2020-12-02T15:07:52.000+0800,2020-12-02T15:37:52.000+0800,Android,,樱花,True
2020-12-02T15:53:22.000+0800,2020-12-02T16:23:22.000+0800,Android,,樱花,True
2020-12-02T16:42:10.000+0800,2020-12-02T17:12:10.000+0800,Android,,樱花,True
2020-12-02T17:20:47.000+0800,2020-12-02T17:50:47.000+0800,工作,,樱花,True
2020-12-02T19:02:38.000+0800,2020-12-02T19:32:38.000+0800,工作,,樱花,True
2020-12-02T19:32:57.000+0800,2020-12-02T20:02:57.000+0800,工作,,樱花,True
2020-12-02T20:20:34.000+0800,2020-12-02T20:50:34.000+0800,工作,,樱花,True
2020-12-03T08:46:14.000+0800,2020-12-03T09:16:14.000+0800,算法,,樱花,True
2020-12-03T09:16:56.000+0800,2020-12-03T09:46:56.000+0800,算法,,樱花,True
2020-12-03T09:50:29.000+0800,2020-12-03T10:20:29.000+0800,算法,,樱花,True
2020-12-03T10:21:33.000+0800,2020-12-03T10:51:33.000+0800,算法,,樱花,True
2020-12-03T11:02:51.000+0800,2020-12-03T11:32:51.000+0800,算法,,樱花,True
2020-12-03T13:34:00.000+0800,2020-12-03T14:04:00.000+0800,Android,,樱花,True
2020-12-03T14:04:31.000+0800,2020-12-03T14:34:31.000+0800,Android,,樱花,True
2020-12-03T14:38:50.000+0800,2020-12-03T15:08:50.000+0800,Android,,樱花,True
2020-12-03T15:10:11.000+0800,2020-12-03T15:40:11.000+0800,Android,,樱花,True
2020-12-03T15:41:31.000+0800,2020-12-03T16:11:31.000+0800,Android,,樱花,True
2020-12-03T16:12:06.000+0800,2020-12-03T16:42:06.000+0800,Android,,樱花,True
2020-12-03T16:45:26.000+0800,2020-12-03T17:15:26.000+0800,Android,,樱花,True
2020-12-03T17:20:16.000+0800,2020-12-03T17:50:16.000+0800,Android,,樱花,True
2020-12-03T19:19:53.000+0800,2020-12-03T19:49:53.000+0800,Android,,樱花,True
2020-12-04T08:50:22.000+0800,2020-12-04T09:20:22.000+0800,算法,,樱花,True
2020-12-04T09:22:47.000+0800,2020-12-04T09:52:47.000+0800,算法,,樱花,True
2020-12-04T09:53:20.000+0800,2020-12-04T10:23:20.000+0800,算法,,樱花,True
2020-12-04T10:26:45.000+0800,2020-12-04T10:56:45.000+0800,算法,,樱花,True
2020-12-04T10:56:52.000+0800,2020-12-04T11:26:52.000+0800,算法,,樱花,True
2020-12-04T11:27:33.000+0800,2020-12-04T11:57:33.000+0800,算法,,樱花,True
2020-12-04T14:50:03.000+0800,2020-12-04T15:20:03.000+0800,工作,,樱花,True
2020-12-04T15:24:07.000+0800,2020-12-04T15:54:07.000+0800,工作,,樱花,True
2020-12-05T15:04:10.736+0800,2020-12-05T15:34:10.736+0800,算法,在 Chrome 中种的树,雪松,True
2020-12-05T15:39:11.821+0800,2020-12-05T16:09:11.821+0800,算法,在 Chrome 中种的树,雪松,True
2020-12-06T15:57:15.943+0800,2020-12-06T16:27:15.943+0800,算法,,星星珊瑚,True
2020-12-06T16:32:21.141+0800,2020-12-06T17:02:21.141+0800,算法,,星星珊瑚,True
2020-12-07T14:15:53.000+0800,2020-12-07T14:45:53.000+0800,工作,,樱花,True
2020-12-07T15:00:51.000+0800,2020-12-07T15:30:51.000+0800,工作,,樱花,True
2020-12-07T19:09:09.000+0800,2020-12-07T19:39:09.000+0800,工作,,樱花,True
2020-12-07T23:10:26.198+0800,2020-12-07T23:40:26.198+0800,算法,,星星珊瑚,True
2020-12-08T09:13:25.000+0800,2020-12-08T09:43:25.000+0800,算法,,樱花,True
2020-12-08T09:55:59.000+0800,2020-12-08T10:25:59.000+0800,算法,,樱花,True
2020-12-08T10:27:50.000+0800,2020-12-08T10:57:50.000+0800,算法,,樱花,True
2020-12-08T14:28:10.000+0800,2020-12-08T14:58:10.000+0800,Android,,樱花,True
2020-12-08T15:13:23.000+0800,2020-12-08T15:43:23.000+0800,Android,,樱花,True
2020-12-08T16:13:03.000+0800,2020-12-08T16:43:03.000+0800,Android,,樱花,True
2020-12-09T13:55:10.000+0800,2020-12-09T14:25:10.000+0800,算法,,樱花,True
2020-12-09T14:27:06.000+0800,2020-12-09T14:57:06.000+0800,算法,,樱花,True
2020-12-10T13:58:03.000+0800,2020-12-10T14:28:03.000+0800,工作,,樱花,True
2020-12-10T14:33:15.000+0800,2020-12-10T15:03:15.000+0800,工作,,樱花,True
2020-12-11T14:16:44.000+0800,2020-12-11T14:46:44.000+0800,工作,,樱花,True
2020-12-11T14:52:39.000+0800,2020-12-11T15:22:39.000+0800,工作,,樱花,True
2020-12-17T14:15:01.000+0800,2020-12-17T14:45:01.000+0800,工作,,樱花,True
2020-12-17T14:48:33.000+0800,2020-12-17T15:18:33.000+0800,工作,,樱花,True
2020-12-21T09:26:49.000+0800,2020-12-21T09:56:49.000+0800,算法,,樱花,True
2020-12-21T09:59:47.000+0800,2020-12-21T10:29:47.000+0800,算法,,樱花,True
2020-12-21T13:40:47.000+0800,2020-12-21T14:10:47.000+0800,Android,,樱花,True
2020-12-21T14:47:43.000+0800,2020-12-21T15:17:43.000+0800,Android,,樱花,True
2020-12-22T09:50:49.000+0800,2020-12-22T10:20:49.000+0800,Android,,樱花,True
2020-12-23T09:01:11.000+0800,2020-12-23T09:31:11.000+0800,工作,,樱花,True
2020-12-23T09:32:18.000+0800,2020-12-23T10:02:18.000+0800,工作,,樱花,True
2020-12-26T09:37:20.000+0800,2020-12-26T10:02:20.000+0800,未设定,,雪松,True
2020-12-26T10:03:36.000+0800,2020-12-26T10:28:36.000+0800,未设定,,雪松,True
2020-12-28T13:51:56.000+0800,2020-12-28T14:16:56.000+0800,未设定,,仙人掌球,True
2020-12-28T14:26:37.000+0800,2020-12-28T14:51:37.000+0800,未设定,,仙人掌球,True
2020-12-28T14:52:05.000+0800,2020-12-28T15:17:05.000+0800,工作,,仙人掌球,True
2020-12-29T08:55:38.000+0800,2020-12-29T09:20:38.000+0800,工作,,仙人掌球,True
2020-12-29T09:23:15.000+0800,2020-12-29T09:48:15.000+0800,工作,,仙人掌球,True
2020-12-29T09:55:03.000+0800,2020-12-29T10:20:03.000+0800,工作,,仙人掌球,True
2020-12-29T10:21:43.000+0800,2020-12-29T10:46:43.000+0800,工作,,仙人掌球,True
2020-12-29T10:50:48.000+0800,2020-12-29T11:15:48.000+0800,工作,,仙人掌球,True
2020-12-29T15:20:32.000+0800,2020-12-29T15:45:32.000+0800,工作,,仙人掌球,True
2020-12-29T15:56:04.000+0800,2020-12-29T16:21:04.000+0800,工作,,仙人掌球,True
2020-12-29T16:27:24.000+0800,2020-12-29T16:52:24.000+0800,工作,,仙人掌球,True
2020-12-29T16:54:09.000+0800,2020-12-29T17:19:09.000+0800,工作,,仙人掌球,True
2020-12-30T13:41:44.000+0800,2020-12-30T14:06:44.000+0800,未设定,,仙人掌球,True
2020-12-30T16:57:40.000+0800,2020-12-30T17:22:40.000+0800,未设定,,仙人掌球,True
2020-12-31T09:03:32.000+0800,2020-12-31T09:28:32.000+0800,未设定,,仙人掌球,True
2020-12-31T09:47:10.000+0800,2020-12-31T10:12:10.000+0800,未设定,,仙人掌球,True
2020-12-31T10:31:04.000+0800,2020-12-31T10:56:04.000+0800,未设定,,仙人掌球,True
2021-01-04T09:42:30.000+0800,2021-01-04T10:07:30.000+0800,未设定,,仙人掌球,True
2021-01-04T10:35:20.000+0800,2021-01-04T11:00:20.000+0800,未设定,,仙人掌球,True
2021-01-04T11:15:17.000+0800,2021-01-04T11:40:17.000+0800,未设定,,仙人掌球,True
2021-01-04T14:23:25.000+0800,2021-01-04T14:48:25.000+0800,Leetcode,,仙人掌球,True
2021-01-04T15:00:00.000+0800,2021-01-04T15:25:00.000+0800,Leetcode,,仙人掌球,True
2021-01-05T08:42:28.000+0800,2021-01-05T09:07:28.000+0800,Leetcode,,仙人掌球,True
2021-01-05T09:09:36.000+0800,2021-01-05T09:34:36.000+0800,Leetcode,,仙人掌球,True
2021-01-05T09:36:15.000+0800,2021-01-05T10:01:15.000+0800,Leetcode,,仙人掌球,True
2021-01-05T10:28:51.000+0800,2021-01-05T10:53:51.000+0800,未设定,,仙人掌球,True
2021-01-05T11:01:16.000+0800,2021-01-05T11:26:16.000+0800,未设定,,仙人掌球,True
2021-01-05T11:26:40.000+0800,2021-01-05T11:51:40.000+0800,Leetcode,,仙人掌球,True
2021-01-05T13:27:33.000+0800,2021-01-05T13:52:33.000+0800,Leetcode,,仙人掌球,True
2021-01-05T13:55:52.000+0800,2021-01-05T14:20:52.000+0800,Leetcode,,仙人掌球,True
2021-01-05T14:28:30.000+0800,2021-01-05T14:53:30.000+0800,Leetcode,,仙人掌球,True
2021-01-05T15:18:24.000+0800,2021-01-05T15:43:24.000+0800,未设定,,仙人掌球,True
2021-01-05T16:31:05.000+0800,2021-01-05T16:56:05.000+0800,Android,,仙人掌球,True
2021-01-05T16:57:16.000+0800,2021-01-05T17:22:16.000+0800,Leetcode,,仙人掌球,True
2021-01-06T08:57:55.000+0800,2021-01-06T09:22:55.000+0800,Leetcode,,仙人掌球,True
2021-01-06T09:23:10.000+0800,2021-01-06T09:48:10.000+0800,Leetcode,,仙人掌球,True
2021-01-06T09:52:11.000+0800,2021-01-06T10:17:11.000+0800,Leetcode,,仙人掌球,True
2021-01-07T08:48:37.000+0800,2021-01-07T09:13:37.000+0800,未设定,,仙人掌球,True
2021-01-07T09:42:16.000+0800,2021-01-07T10:07:16.000+0800,未设定,,仙人掌球,True
2021-01-07T10:09:17.000+0800,2021-01-07T10:34:17.000+0800,未设定,,仙人掌球,True
2021-01-07T10:40:06.000+0800,2021-01-07T11:05:06.000+0800,未设定,,仙人掌球,True
2021-01-07T11:08:32.000+0800,2021-01-07T11:33:32.000+0800,未设定,,仙人掌球,True
2021-01-07T13:30:59.000+0800,2021-01-07T13:55:59.000+0800,未设定,,仙人掌球,True
2021-01-07T14:00:52.000+0800,2021-01-07T14:25:52.000+0800,未设定,,仙人掌球,True
2021-01-07T14:32:33.000+0800,2021-01-07T14:57:33.000+0800,未设定,,仙人掌球,True
2021-01-08T09:13:06.000+0800,2021-01-08T09:38:06.000+0800,Leetcode,,仙人掌球,True
2021-01-11T09:01:34.000+0800,2021-01-11T09:26:34.000+0800,Leetcode,,仙人掌球,True
2021-01-11T09:31:39.000+0800,2021-01-11T09:56:39.000+0800,Leetcode,,仙人掌球,True
2021-01-11T09:59:33.000+0800,2021-01-11T10:24:33.000+0800,未设定,,仙人掌球,True
2021-01-11T10:47:38.000+0800,2021-01-11T11:12:38.000+0800,未设定,,仙人掌球,True
2021-01-11T13:28:14.000+0800,2021-01-11T13:53:14.000+0800,未设定,,仙人掌球,True
2021-01-11T23:17:50.866+0800,2021-01-11T23:42:50.866+0800,算法,,星星珊瑚,True
2021-01-12T08:58:02.000+0800,2021-01-12T09:23:02.000+0800,未设定,,仙人掌球,True
2021-01-12T09:27:35.000+0800,2021-01-12T09:52:35.000+0800,未设定,,仙人掌球,True
2021-01-12T10:14:31.000+0800,2021-01-12T10:39:31.000+0800,未设定,,仙人掌球,True
2021-01-12T10:43:19.000+0800,2021-01-12T11:08:19.000+0800,未设定,,仙人掌球,True
2021-01-12T11:13:59.000+0800,2021-01-12T11:38:59.000+0800,未设定,,仙人掌球,True
2021-01-12T13:34:59.000+0800,2021-01-12T13:59:59.000+0800,未设定,,仙人掌球,True
2021-01-12T14:04:45.000+0800,2021-01-12T14:29:45.000+0800,未设定,,仙人掌球,True
2021-01-12T14:34:29.000+0800,2021-01-12T14:59:29.000+0800,未设定,,仙人掌球,True
2021-01-12T15:12:37.000+0800,2021-01-12T15:37:37.000+0800,未设定,,仙人掌球,True
2021-01-12T16:58:13.000+0800,2021-01-12T17:23:13.000+0800,未设定,,仙人掌球,True
2021-01-13T14:29:25.000+0800,2021-01-13T14:54:25.000+0800,未设定,,仙人掌球,True
2021-01-13T14:58:45.000+0800,2021-01-13T15:23:45.000+0800,未设定,,仙人掌球,True
2021-01-13T16:00:59.000+0800,2021-01-13T16:25:59.000+0800,未设定,,仙人掌球,True
2021-01-14T13:51:57.716+0800,2021-01-14T14:16:57.716+0800,工作,,星星珊瑚,True
2021-01-14T14:23:04.341+0800,2021-01-14T14:48:04.341+0800,工作,,星星珊瑚,True
2021-01-14T15:05:07.231+0800,2021-01-14T15:30:07.231+0800,工作,,星星珊瑚,True
2021-01-15T09:16:27.130+0800,2021-01-15T09:41:27.130+0800,工作,,星星珊瑚,True
2021-01-15T09:43:01.161+0800,2021-01-15T10:08:01.161+0800,工作,,星星珊瑚,True
2021-01-15T10:09:46.475+0800,2021-01-15T10:34:46.475+0800,工作,,星星珊瑚,True
2021-01-15T11:06:18.980+0800,2021-01-15T11:31:18.980+0800,工作,,星星珊瑚,True
2021-01-15T13:31:27.108+0800,2021-01-15T13:56:27.108+0800,工作,,星星珊瑚,True
2021-01-15T14:09:48.810+0800,2021-01-15T14:34:48.810+0800,工作,,星星珊瑚,True
2021-01-15T14:35:37.035+0800,2021-01-15T15:00:37.035+0800,工作,,星星珊瑚,True
2021-01-15T16:11:27.302+0800,2021-01-15T16:36:27.302+0800,工作,,星星珊瑚,True
2021-01-15T16:51:25.235+0800,2021-01-15T17:16:25.235+0800,工作,,星星珊瑚,True
2021-01-18T13:18:32.519+0800,2021-01-18T13:43:32.519+0800,工作,,星星珊瑚,True
2021-01-18T16:31:09.566+0800,2021-01-18T16:56:09.566+0800,工作,,星星珊瑚,True
2021-01-18T17:01:21.902+0800,2021-01-18T17:26:21.902+0800,工作,,星星珊瑚,True
2021-01-18T19:04:32.120+0800,2021-01-18T19:29:32.120+0800,工作,,星星珊瑚,True
2021-01-18T19:42:02.046+0800,2021-01-18T20:07:02.046+0800,工作,,星星珊瑚,True
2021-01-19T09:10:13.734+0800,2021-01-19T09:35:13.734+0800,工作,,星星珊瑚,True
2021-01-19T09:39:54.073+0800,2021-01-19T10:04:54.073+0800,工作,,星星珊瑚,True
2021-01-19T10:17:36.861+0800,2021-01-19T10:42:36.861+0800,工作,,星星珊瑚,True
2021-01-19T10:48:44.845+0800,2021-01-19T11:13:44.845+0800,工作,,星星珊瑚,True
2021-01-19T11:19:17.927+0800,2021-01-19T11:44:17.927+0800,工作,,星星珊瑚,True
2021-01-19T13:32:48.400+0800,2021-01-19T13:57:48.400+0800,工作,,星星珊瑚,True
2021-01-19T14:06:34.026+0800,2021-01-19T14:31:34.026+0800,工作,,星星珊瑚,True
2021-01-19T15:30:12.544+0800,2021-01-19T15:55:12.544+0800,工作,,星星珊瑚,True
2021-01-19T16:05:38.427+0800,2021-01-19T16:30:38.427+0800,工作,,星星珊瑚,True
2021-01-19T19:10:18.457+0800,2021-01-19T19:35:18.457+0800,工作,,星星珊瑚,True
2021-01-19T19:38:31.608+0800,2021-01-19T20:03:31.608+0800,工作,,星星珊瑚,True
2021-01-20T08:49:30.080+0800,2021-01-20T09:14:30.080+0800,Leetcode,,星星珊瑚,True
2021-01-20T09:15:09.509+0800,2021-01-20T09:40:09.509+0800,Leetcode,,星星珊瑚,True
2021-01-20T09:45:43.181+0800,2021-01-20T10:10:43.181+0800,工作,,星星珊瑚,True
2021-01-20T10:40:16.312+0800,2021-01-20T11:05:16.312+0800,工作,,星星珊瑚,True
2021-01-20T13:27:41.178+0800,2021-01-20T13:52:41.178+0800,工作,,星星珊瑚,True
2021-01-20T13:53:02.838+0800,2021-01-20T14:18:02.838+0800,工作,,星星珊瑚,True
2021-01-20T14:32:49.446+0800,2021-01-20T14:57:49.446+0800,工作,,星星珊瑚,True
2021-01-20T15:29:38.114+0800,2021-01-20T15:54:38.114+0800,工作,,星星珊瑚,True
2021-01-20T15:56:03.198+0800,2021-01-20T16:21:03.198+0800,工作,,星星珊瑚,True
2021-01-20T16:24:30.443+0800,2021-01-20T16:49:30.443+0800,工作,,星星珊瑚,True
2021-01-20T16:49:49.205+0800,2021-01-20T17:14:49.205+0800,工作,,星星珊瑚,True
2021-01-20T17:15:38.660+0800,2021-01-20T17:40:38.660+0800,工作,,星星珊瑚,True
2021-01-20T19:24:10.592+0800,2021-01-20T19:49:10.592+0800,工作,,星星珊瑚,True
2021-01-20T20:01:23.491+0800,2021-01-20T20:26:23.491+0800,工作,,星星珊瑚,True
2021-01-21T09:11:06.258+0800,2021-01-21T09:36:06.258+0800,工作,,星星珊瑚,True
2021-01-21T09:42:16.574+0800,2021-01-21T10:07:16.574+0800,工作,,星星珊瑚,True
2021-01-21T10:14:52.786+0800,2021-01-21T10:39:52.786+0800,工作,,星星珊瑚,True
2021-01-21T10:44:22.725+0800,2021-01-21T11:09:22.725+0800,工作,,星星珊瑚,True
2021-01-21T11:24:29.433+0800,2021-01-21T11:49:29.433+0800,工作,,星星珊瑚,True
2021-01-21T14:34:53.902+0800,2021-01-21T14:59:53.902+0800,工作,,星星珊瑚,True
2021-01-21T15:00:10.644+0800,2021-01-21T15:25:10.644+0800,工作,,星星珊瑚,True
2021-01-21T15:33:55.374+0800,2021-01-21T15:58:55.374+0800,工作,,星星珊瑚,True
2021-01-21T17:04:36.261+0800,2021-01-21T17:29:36.261+0800,工作,,星星珊瑚,True
2021-01-21T19:07:49.901+0800,2021-01-21T19:32:49.901+0800,工作,,星星珊瑚,True
2021-01-22T09:22:28.397+0800,2021-01-22T09:47:28.397+0800,工作,,星星珊瑚,True
2021-01-22T10:27:03.713+0800,2021-01-22T10:52:03.713+0800,工作,,星星珊瑚,True
2021-01-22T13:59:33.421+0800,2021-01-22T14:24:33.421+0800,Android,aidl in out 关键字学习,星星珊瑚,True
2021-01-23T09:59:50.161+0800,2021-01-23T10:24:50.161+0800,Android,,星星珊瑚,True
2021-01-23T10:52:45.000+0800,2021-01-23T11:17:45.000+0800,未设定,,星星珊瑚,True
2021-01-23T15:22:03.000+0800,2021-01-23T15:47:03.000+0800,未设定,,星星珊瑚,True
2021-01-24T14:54:05.000+0800,2021-01-24T15:19:05.000+0800,未设定,,星星珊瑚,True
2021-01-24T18:26:48.000+0800,2021-01-24T18:51:48.000+0800,未设定,,星星珊瑚,True
2021-01-24T18:58:58.000+0800,2021-01-24T19:23:58.000+0800,未设定,,星星珊瑚,True
2021-01-24T19:30:27.620+0800,2021-01-24T19:55:27.620+0800,Java并发,,星星珊瑚,True
2021-01-24T19:57:14.752+0800,2021-01-24T20:22:14.752+0800,Java并发,,星星珊瑚,True
2021-01-25T09:30:00.107+0800,2021-01-25T09:55:00.107+0800,Android,,星星珊瑚,True
2021-01-25T09:56:53.255+0800,2021-01-25T10:21:53.255+0800,Android,,星星珊瑚,True
2021-01-26T09:25:48.354+0800,2021-01-26T09:50:48.354+0800,工作,,星星珊瑚,True
2021-01-26T10:08:46.880+0800,2021-01-26T10:33:46.880+0800,工作,,星星珊瑚,True
2021-01-26T10:40:12.607+0800,2021-01-26T11:05:12.607+0800,Java并发,,星星珊瑚,True
2021-01-26T15:32:27.491+0800,2021-01-26T15:57:27.491+0800,Java并发,,星星珊瑚,True
2021-01-26T15:59:36.957+0800,2021-01-26T16:24:36.957+0800,Java并发,,星星珊瑚,True
2021-01-26T16:28:28.496+0800,2021-01-26T16:53:28.496+0800,Java并发,,星星珊瑚,True
2021-01-26T17:00:47.462+0800,2021-01-26T17:25:47.462+0800,Java并发,,星星珊瑚,True
2021-01-26T18:58:30.223+0800,2021-01-26T19:23:30.223+0800,Java并发,,星星珊瑚,True
2021-01-26T19:40:49.434+0800,2021-01-26T20:05:49.434+0800,Java并发,,星星珊瑚,True
2021-01-26T20:06:00.025+0800,2021-01-26T20:31:00.025+0800,Java并发,,星星珊瑚,True
2021-01-27T08:41:00.563+0800,2021-01-27T09:06:00.563+0800,Java并发,,星星珊瑚,True
2021-01-27T09:30:40.040+0800,2021-01-27T09:55:40.040+0800,Java并发,,星星珊瑚,True
2021-01-27T15:13:06.301+0800,2021-01-27T15:38:06.301+0800,Java并发,,星星珊瑚,True
2021-01-27T16:23:54.550+0800,2021-01-27T16:48:54.550+0800,Java并发,,星星珊瑚,True
2021-01-28T09:45:11.237+0800,2021-01-28T10:10:11.237+0800,Java并发,,星星珊瑚,True
2021-01-28T10:21:33.197+0800,2021-01-28T10:46:33.197+0800,Java并发,,星星珊瑚,True
2021-01-28T10:50:49.026+0800,2021-01-28T11:15:49.026+0800,Java并发,,星星珊瑚,True
2021-01-28T11:16:19.736+0800,2021-01-28T11:41:19.736+0800,Java并发,,星星珊瑚,True
2021-01-28T13:34:55.997+0800,2021-01-28T13:59:55.997+0800,Java并发,,星星珊瑚,True
2021-01-28T14:31:11.880+0800,2021-01-28T14:56:11.880+0800,Java并发,,星星珊瑚,True
2021-01-28T14:58:44.431+0800,2021-01-28T15:23:44.431+0800,Java并发,,星星珊瑚,True
2021-01-28T15:27:22.491+0800,2021-01-28T15:52:22.491+0800,Java并发,,星星珊瑚,True
2021-01-28T16:20:02.465+0800,2021-01-28T16:45:02.465+0800,工作,,星星珊瑚,True
2021-01-28T16:47:03.473+0800,2021-01-28T17:12:03.473+0800,工作,,星星珊瑚,True
2021-01-28T19:05:52.084+0800,2021-01-28T19:30:52.084+0800,Java并发,,星星珊瑚,True
2021-01-28T20:21:58.074+0800,2021-01-28T20:46:58.074+0800,Java并发,,星星珊瑚,True
2021-01-29T09:06:43.897+0800,2021-01-29T09:31:43.897+0800,工作,,星星珊瑚,True
2021-01-29T09:32:52.737+0800,2021-01-29T09:57:52.737+0800,工作,,星星珊瑚,True
2021-01-29T11:03:15.518+0800,2021-01-29T11:28:15.518+0800,工作,,星星珊瑚,True
2021-01-29T11:28:47.877+0800,2021-01-29T11:53:47.877+0800,工作,,星星珊瑚,True
2021-01-29T13:31:21.893+0800,2021-01-29T13:56:21.893+0800,Java并发,,星星珊瑚,True
2021-01-29T14:02:56.220+0800,2021-01-29T14:27:56.220+0800,Java并发,,星星珊瑚,True
2021-01-29T14:34:41.905+0800,2021-01-29T14:59:41.905+0800,Java并发,,星星珊瑚,True
2021-01-29T15:02:24.720+0800,2021-01-29T15:27:24.720+0800,Java并发,,星星珊瑚,True
2021-01-29T15:35:57.828+0800,2021-01-29T16:00:57.828+0800,Java并发,,星星珊瑚,True
2021-01-29T17:16:49.526+0800,2021-01-29T17:41:49.526+0800,Java并发,,星星珊瑚,True
2021-01-29T20:09:21.313+0800,2021-01-29T20:34:21.313+0800,Java并发,,星星珊瑚,True
2021-01-30T09:12:50.032+0800,2021-01-30T09:37:50.032+0800,工作,,星星珊瑚,True
2021-01-30T09:42:59.910+0800,2021-01-30T10:07:59.910+0800,工作,,星星珊瑚,True
2021-02-01T09:10:48.246+0800,2021-02-01T09:35:48.246+0800,工作,,星星珊瑚,True
2021-02-01T09:35:59.767+0800,2021-02-01T10:00:59.767+0800,工作,,星星珊瑚,True
2021-02-01T10:02:29.831+0800,2021-02-01T10:27:29.831+0800,工作,,星星珊瑚,True
2021-02-01T10:39:52.610+0800,2021-02-01T11:04:52.610+0800,工作,,星星珊瑚,True
2021-02-01T11:05:03.597+0800,2021-02-01T11:30:03.597+0800,工作,,星星珊瑚,True
2021-02-01T11:30:11.485+0800,2021-02-01T11:55:11.485+0800,工作,,星星珊瑚,True
2021-02-01T13:40:03.935+0800,2021-02-01T14:05:03.935+0800,工作,,星星珊瑚,True
2021-02-01T14:20:17.198+0800,2021-02-01T14:45:17.198+0800,工作,,星星珊瑚,True
2021-02-01T14:45:50.501+0800,2021-02-01T15:10:50.501+0800,工作,,星星珊瑚,True
2021-02-01T15:33:52.892+0800,2021-02-01T15:58:52.892+0800,工作,,星星珊瑚,True
2021-02-01T16:06:45.040+0800,2021-02-01T16:31:45.040+0800,工作,,星星珊瑚,True
2021-02-01T16:43:07.765+0800,2021-02-01T17:08:07.765+0800,工作,,星星珊瑚,True
2021-02-01T17:14:32.487+0800,2021-02-01T17:39:32.487+0800,工作,,星星珊瑚,True
2021-02-01T19:02:37.567+0800,2021-02-01T19:27:37.567+0800,工作,,星星珊瑚,True
2021-02-01T19:31:15.059+0800,2021-02-01T19:56:15.059+0800,工作,,星星珊瑚,True
2021-02-01T19:58:25.594+0800,2021-02-01T20:23:25.594+0800,工作,,星星珊瑚,True
2021-02-01T20:24:38.448+0800,2021-02-01T20:49:38.448+0800,工作,,星星珊瑚,True
2021-02-01T20:58:59.737+0800,2021-02-01T21:23:59.737+0800,工作,,星星珊瑚,True
2021-02-02T08:49:42.107+0800,2021-02-02T09:14:42.107+0800,工作,,星星珊瑚,True
2021-02-02T09:26:38.431+0800,2021-02-02T09:51:38.431+0800,工作,,星星珊瑚,True
2021-02-02T10:00:56.956+0800,2021-02-02T10:25:56.956+0800,工作,,星星珊瑚,True
2021-02-02T10:38:19.824+0800,2021-02-02T11:03:19.824+0800,工作,,星星珊瑚,True
2021-02-02T11:15:05.168+0800,2021-02-02T11:40:05.168+0800,工作,,星星珊瑚,True
2021-02-02T13:43:49.500+0800,2021-02-02T14:08:49.500+0800,工作,,星星珊瑚,True
2021-02-02T14:11:00.663+0800,2021-02-02T14:36:00.663+0800,工作,,星星珊瑚,True
2021-02-02T14:43:54.036+0800,2021-02-02T15:08:54.036+0800,工作,,星星珊瑚,True
2021-02-02T15:09:36.647+0800,2021-02-02T15:34:36.647+0800,工作,,星星珊瑚,True
2021-02-02T15:34:43.032+0800,2021-02-02T15:59:43.032+0800,工作,,星星珊瑚,True
2021-02-02T16:51:20.244+0800,2021-02-02T17:16:20.244+0800,工作,,星星珊瑚,True
2021-02-02T17:24:44.710+0800,2021-02-02T17:49:44.710+0800,工作,,星星珊瑚,True
2021-02-03T13:41:44.837+0800,2021-02-03T14:06:44.837+0800,工作,,星星珊瑚,True
2021-02-03T14:08:27.699+0800,2021-02-03T14:33:27.699+0800,工作,,星星珊瑚,True
2021-02-03T14:42:19.909+0800,2021-02-03T15:07:19.909+0800,工作,,星星珊瑚,True
2021-02-03T19:11:26.280+0800,2021-02-03T19:36:26.280+0800,工作,,星星珊瑚,True
2021-02-04T09:25:36.751+0800,2021-02-04T09:50:36.751+0800,工作,,星星珊瑚,True
2021-02-04T09:56:27.290+0800,2021-02-04T10:21:27.290+0800,工作,,星星珊瑚,True
2021-02-04T10:24:03.959+0800,2021-02-04T10:49:03.959+0800,工作,,星星珊瑚,True
2021-02-04T10:54:12.427+0800,2021-02-04T11:19:12.427+0800,工作,,星星珊瑚,True
2021-02-04T11:22:19.948+0800,2021-02-04T11:47:19.948+0800,工作,,星星珊瑚,True
2021-02-05T09:21:19.425+0800,2021-02-05T09:46:19.425+0800,工作,,星星珊瑚,True
2021-02-05T16:30:24.314+0800,2021-02-05T16:55:24.314+0800,Java并发,,星星珊瑚,True
2021-02-06T11:26:31.230+0800,2021-02-06T11:51:31.230+0800,Java并发,,星星珊瑚,True
2021-02-08T14:08:10.290+0800,2021-02-08T14:33:10.290+0800,工作,,星星珊瑚,True
2021-02-08T15:47:23.619+0800,2021-02-08T16:12:23.619+0800,Java并发,,星星珊瑚,True
2021-02-08T16:21:20.643+0800,2021-02-08T16:46:20.643+0800,Java并发,,星星珊瑚,True
2021-02-08T16:54:34.235+0800,2021-02-08T17:19:34.235+0800,Java并发,,星星珊瑚,True
2021-02-08T17:32:57.763+0800,2021-02-08T17:57:57.763+0800,Java并发,,星星珊瑚,True
2021-02-10T16:58:56.000+0800,2021-02-10T17:23:56.000+0800,未设定,,星星珊瑚,True
2021-02-13T15:49:50.000+0800,2021-02-13T16:14:50.000+0800,未设定,,星星珊瑚,True
2021-02-13T16:21:36.000+0800,2021-02-13T16:46:36.000+0800,未设定,,星星珊瑚,True
2021-02-13T16:53:20.000+0800,2021-02-13T17:18:20.000+0800,未设定,,星星珊瑚,True
2021-02-15T14:31:51.000+0800,2021-02-15T14:56:51.000+0800,未设定,,星星珊瑚,True
2021-02-15T15:09:59.000+0800,2021-02-15T15:34:59.000+0800,未设定,,星星珊瑚,True
2021-02-15T15:41:49.000+0800,2021-02-15T16:06:49.000+0800,未设定,,星星珊瑚,True
2021-02-15T16:24:56.000+0800,2021-02-15T16:49:56.000+0800,未设定,,星星珊瑚,True
2021-02-15T16:52:39.000+0800,2021-02-15T17:17:39.000+0800,未设定,,星星珊瑚,True
2021-02-16T14:06:20.000+0800,2021-02-16T14:31:20.000+0800,未设定,,星星珊瑚,True
2021-02-16T15:02:44.000+0800,2021-02-16T15:27:44.000+0800,未设定,,星星珊瑚,True
2021-02-16T15:55:33.000+0800,2021-02-16T16:20:33.000+0800,未设定,,星星珊瑚,True
2021-02-16T16:30:12.000+0800,2021-02-16T16:55:12.000+0800,未设定,,星星珊瑚,True
2021-02-17T16:31:39.000+0800,2021-02-17T16:56:39.000+0800,未设定,,星星珊瑚,True
2021-02-17T17:01:05.000+0800,2021-02-17T17:26:05.000+0800,未设定,,星星珊瑚,True
2021-02-17T19:14:39.000+0800,2021-02-17T19:39:39.000+0800,未设定,,星星珊瑚,True
2021-02-17T22:05:44.000+0800,2021-02-17T22:30:44.000+0800,未设定,,星星珊瑚,True
2021-02-17T22:37:46.000+0800,2021-02-17T23:02:46.000+0800,未设定,,星星珊瑚,True
2021-02-18T09:24:38.000+0800,2021-02-18T09:49:38.000+0800,未设定,,星星珊瑚,True
2021-02-18T09:51:59.000+0800,2021-02-18T10:16:59.000+0800,未设定,,星星珊瑚,True
2021-02-18T11:34:14.000+0800,2021-02-18T11:59:14.000+0800,未设定,,星星珊瑚,True
2021-02-18T14:24:21.000+0800,2021-02-18T14:49:21.000+0800,未设定,,星星珊瑚,True
2021-02-18T15:02:13.000+0800,2021-02-18T15:27:13.000+0800,未设定,,星星珊瑚,True
2021-02-18T15:30:54.000+0800,2021-02-18T15:55:54.000+0800,未设定,,星星珊瑚,True
2021-02-18T15:59:57.000+0800,2021-02-18T16:24:57.000+0800,未设定,,星星珊瑚,True
2021-02-18T16:49:20.000+0800,2021-02-18T17:14:20.000+0800,未设定,,星星珊瑚,True
2021-02-18T17:14:56.000+0800,2021-02-18T17:39:56.000+0800,未设定,,星星珊瑚,True
2021-02-18T18:57:57.000+0800,2021-02-18T19:22:57.000+0800,未设定,,星星珊瑚,True
2021-02-18T19:27:31.000+0800,2021-02-18T19:52:31.000+0800,未设定,,百合花,True
2021-02-18T19:55:05.000+0800,2021-02-18T20:20:05.000+0800,未设定,,百合花,True
2021-02-18T20:23:42.000+0800,2021-02-18T20:48:42.000+0800,未设定,,百合花,True
2021-02-19T08:52:43.000+0800,2021-02-19T09:17:43.000+0800,未设定,,百合花,True
2021-02-19T09:18:28.000+0800,2021-02-19T09:43:28.000+0800,未设定,,百合花,True
2021-02-19T09:50:24.000+0800,2021-02-19T10:15:24.000+0800,未设定,,百合花,True
2021-02-19T10:54:36.000+0800,2021-02-19T11:19:36.000+0800,未设定,,百合花,True
2021-02-19T11:32:43.000+0800,2021-02-19T11:57:43.000+0800,未设定,,百合花,True
2021-02-19T14:28:06.893+0800,2021-02-19T14:53:06.893+0800,工作,,百合花,True
2021-02-19T14:57:40.600+0800,2021-02-19T15:22:40.600+0800,工作,,百合花,True
2021-02-19T15:23:33.628+0800,2021-02-19T15:48:33.628+0800,工作,,百合花,True
2021-02-19T16:11:51.386+0800,2021-02-19T16:36:51.386+0800,工作,,百合花,True
2021-02-19T19:06:18.746+0800,2021-02-19T19:31:18.746+0800,工作,,百合花,True
2021-02-19T19:31:38.401+0800,2021-02-19T19:56:38.401+0800,工作,,百合花,True
2021-02-20T08:36:42.000+0800,2021-02-20T09:01:42.000+0800,未设定,,百合花,True
2021-02-20T09:05:11.000+0800,2021-02-20T09:30:11.000+0800,未设定,,百合花,True
2021-02-20T09:32:02.000+0800,2021-02-20T09:57:02.000+0800,未设定,,百合花,True
2021-02-20T10:05:51.000+0800,2021-02-20T10:30:51.000+0800,未设定,,百合花,True
2021-02-20T14:51:51.000+0800,2021-02-20T15:16:51.000+0800,未设定,,百合花,True
2021-02-20T15:47:57.000+0800,2021-02-20T16:12:57.000+0800,未设定,,百合花,True
2021-02-22T08:58:02.057+0800,2021-02-22T09:23:02.057+0800,工作,,百合花,True
2021-02-22T09:24:39.616+0800,2021-02-22T09:49:39.616+0800,工作,,百合花,True
2021-02-22T09:52:19.977+0800,2021-02-22T10:17:19.977+0800,工作,,百合花,True
2021-02-22T10:34:03.057+0800,2021-02-22T10:59:03.057+0800,工作,,百合花,True
2021-02-22T11:09:45.338+0800,2021-02-22T11:34:45.338+0800,工作,,百合花,True
2021-02-22T13:44:07.917+0800,2021-02-22T14:09:07.917+0800,工作,,百合花,True
2021-02-22T14:27:58.107+0800,2021-02-22T14:52:58.107+0800,工作,,百合花,True
2021-02-22T14:56:06.383+0800,2021-02-22T15:21:06.383+0800,工作,,百合花,True
2021-02-22T15:40:28.850+0800,2021-02-22T16:05:28.850+0800,工作,,百合花,True
2021-02-23T09:32:12.734+0800,2021-02-23T09:57:12.734+0800,工作,,百合花,True
2021-02-23T10:00:29.048+0800,2021-02-23T10:25:29.048+0800,工作,,百合花,True
2021-02-23T14:15:37.587+0800,2021-02-23T14:40:37.587+0800,工作,,百合花,True
2021-02-23T15:23:31.000+0800,2021-02-23T15:48:31.000+0800,未设定,,百合花,True
2021-02-23T15:58:16.000+0800,2021-02-23T16:23:16.000+0800,未设定,,百合花,True
2021-02-23T16:44:36.000+0800,2021-02-23T17:09:36.000+0800,未设定,,百合花,True
2021-02-23T17:13:26.000+0800,2021-02-23T17:38:26.000+0800,未设定,,百合花,True
2021-02-24T08:49:38.735+0800,2021-02-24T09:14:38.735+0800,工作,,百合花,True
2021-02-24T09:19:19.000+0800,2021-02-24T09:44:19.000+0800,未设定,,百合花,True
2021-02-24T09:52:25.000+0800,2021-02-24T10:17:25.000+0800,未设定,,百合花,True
2021-02-24T10:21:50.000+0800,2021-02-24T10:46:50.000+0800,未设定,,百合花,True
2021-02-24T11:02:43.000+0800,2021-02-24T11:27:43.000+0800,未设定,,百合花,True
2021-02-24T13:46:41.000+0800,2021-02-24T14:11:41.000+0800,未设定,,百合花,True
2021-02-24T19:02:36.927+0800,2021-02-24T19:27:36.927+0800,工作,,百合花,True
2021-02-24T19:34:59.957+0800,2021-02-24T19:59:59.957+0800,工作,,百合花,True
2021-02-24T20:05:15.571+0800,2021-02-24T20:30:15.571+0800,工作,,百合花,True
2021-02-25T09:25:19.509+0800,2021-02-25T09:50:19.509+0800,工作,,百合花,True
2021-02-25T09:55:31.423+0800,2021-02-25T10:20:31.423+0800,工作,,百合花,True
2021-02-25T11:07:15.808+0800,2021-02-25T11:32:15.808+0800,工作,,百合花,True
2021-02-25T11:36:10.249+0800,2021-02-25T12:01:10.249+0800,工作,,百合花,True
2021-02-25T13:56:37.410+0800,2021-02-25T14:21:37.410+0800,工作,,百合花,True
2021-02-25T15:54:51.443+0800,2021-02-25T16:19:51.443+0800,工作,,百合花,True
2021-02-25T16:21:14.500+0800,2021-02-25T16:46:14.500+0800,工作,,百合花,True
2021-02-25T16:57:52.473+0800,2021-02-25T17:22:52.473+0800,工作,,百合花,True
2021-02-25T19:06:58.082+0800,2021-02-25T19:31:58.082+0800,工作,,百合花,True
2021-02-25T19:35:13.025+0800,2021-02-25T20:00:13.025+0800,工作,,百合花,True
2021-02-26T09:10:17.841+0800,2021-02-26T09:35:17.841+0800,工作,,百合花,True
2021-02-26T09:39:01.959+0800,2021-02-26T10:04:01.959+0800,工作,,百合花,True
2021-02-26T10:08:07.851+0800,2021-02-26T10:33:07.851+0800,工作,,百合花,True
2021-02-26T10:36:21.719+0800,2021-02-26T11:01:21.719+0800,工作,,百合花,True
2021-02-26T11:12:05.743+0800,2021-02-26T11:37:05.743+0800,未设定,,百合花,True
2021-02-26T14:06:35.188+0800,2021-02-26T14:31:35.188+0800,Java并发,,百合花,True
2021-02-26T14:35:11.439+0800,2021-02-26T15:00:11.439+0800,Java并发,,百合花,True
2021-02-26T15:00:43.314+0800,2021-02-26T15:25:43.314+0800,Java并发,,百合花,True
2021-02-26T15:27:54.375+0800,2021-02-26T15:52:54.375+0800,Java并发,,百合花,True
2021-02-26T15:56:35.324+0800,2021-02-26T16:21:35.324+0800,Java并发,,百合花,True
2021-02-26T16:24:21.983+0800,2021-02-26T16:49:21.983+0800,Java并发,,百合花,True
2021-02-26T16:59:37.356+0800,2021-02-26T17:24:37.356+0800,Java虚拟机,,百合花,True
2021-02-26T17:26:46.395+0800,2021-02-26T17:51:46.395+0800,Java基础,,百合花,True
2021-02-26T19:04:48.037+0800,2021-02-26T19:29:48.037+0800,Java基础,,百合花,True
2021-02-26T19:33:38.000+0800,2021-02-26T19:58:38.000+0800,未设定,,百合花,True
2021-02-27T09:10:08.000+0800,2021-02-27T09:35:08.000+0800,未设定,,百合花,True
2021-02-27T09:35:48.000+0800,2021-02-27T10:00:48.000+0800,未设定,,百合花,True
2021-02-27T10:26:16.000+0800,2021-02-27T10:51:16.000+0800,未设定,,百合花,True
2021-02-27T10:51:38.000+0800,2021-02-27T11:16:38.000+0800,未设定,,百合花,True
2021-02-27T11:24:57.000+0800,2021-02-27T11:49:57.000+0800,未设定,,百合花,True
2021-02-27T13:28:26.000+0800,2021-02-27T13:53:26.000+0800,未设定,,百合花,True
2021-02-27T14:00:52.000+0800,2021-02-27T14:25:52.000+0800,未设定,,百合花,True
2021-02-27T14:31:03.000+0800,2021-02-27T14:56:03.000+0800,未设定,,百合花,True
2021-02-27T15:03:46.000+0800,2021-02-27T15:28:46.000+0800,未设定,,百合花,True
2021-02-27T15:38:06.000+0800,2021-02-27T16:03:06.000+0800,未设定,,百合花,True
2021-02-27T16:07:18.000+0800,2021-02-27T16:32:18.000+0800,未设定,,百合花,True
2021-03-01T09:09:45.269+0800,2021-03-01T09:34:45.269+0800,工作,,百合花,True
2021-03-01T09:37:42.962+0800,2021-03-01T10:02:42.962+0800,工作,,西瓜,True
2021-03-01T10:10:06.617+0800,2021-03-01T10:35:06.617+0800,工作,,西瓜,True
2021-03-01T10:38:52.700+0800,2021-03-01T11:03:52.700+0800,工作,,西瓜,True
2021-03-01T11:12:03.286+0800,2021-03-01T11:37:03.286+0800,工作,,西瓜,True
2021-03-01T11:37:30.326+0800,2021-03-01T12:02:30.326+0800,工作,,西瓜,True
2021-03-01T13:57:18.000+0800,2021-03-01T14:22:18.000+0800,未设定,,西瓜,True
2021-03-01T14:30:53.000+0800,2021-03-01T14:55:53.000+0800,未设定,,西瓜,True
2021-03-01T14:56:49.000+0800,2021-03-01T15:21:49.000+0800,未设定,,西瓜,True
2021-03-01T16:05:39.506+0800,2021-03-01T16:30:39.506+0800,工作,,西瓜,True
2021-03-01T17:03:19.900+0800,2021-03-01T17:28:19.900+0800,工作,,西瓜,True
2021-03-01T19:44:06.000+0800,2021-03-01T20:09:06.000+0800,未设定,,西瓜,True
2021-03-01T20:20:06.000+0800,2021-03-01T20:45:06.000+0800,未设定,,西瓜,True
2021-03-02T09:00:22.788+0800,2021-03-02T09:25:22.788+0800,工作,,西瓜,True
2021-03-02T09:26:08.375+0800,2021-03-02T09:51:08.375+0800,工作,,西瓜,True
2021-03-02T10:31:19.886+0800,2021-03-02T10:56:19.886+0800,工作,,西瓜,True
2021-03-02T14:31:25.110+0800,2021-03-02T14:56:25.110+0800,工作,,西瓜,True
2021-03-03T09:02:50.549+0800,2021-03-03T09:27:50.549+0800,Java基础,,西瓜,True
2021-03-03T09:29:25.742+0800,2021-03-03T09:54:25.742+0800,Java基础,,西瓜,True
2021-03-03T10:01:40.572+0800,2021-03-03T10:26:40.572+0800,工作,,西瓜,True
2021-03-03T10:33:02.778+0800,2021-03-03T10:58:02.778+0800,工作,,西瓜,True
2021-03-03T11:08:59.639+0800,2021-03-03T11:33:59.639+0800,工作,,西瓜,True
2021-03-03T13:40:21.815+0800,2021-03-03T14:05:21.815+0800,工作,,西瓜,True
2021-03-03T14:06:36.151+0800,2021-03-03T14:31:36.151+0800,工作,,西瓜,True
2021-03-03T14:34:44.833+0800,2021-03-03T14:59:44.833+0800,工作,,西瓜,True
2021-03-04T08:50:29.678+0800,2021-03-04T09:15:29.678+0800,工作,,西瓜,True
2021-03-04T09:37:10.426+0800,2021-03-04T10:02:10.426+0800,工作,,西瓜,True
2021-03-04T10:03:28.814+0800,2021-03-04T10:28:28.814+0800,工作,,西瓜,True
2021-03-04T10:32:55.400+0800,2021-03-04T10:57:55.400+0800,工作,,西瓜,True
2021-03-04T11:08:43.500+0800,2021-03-04T11:33:43.500+0800,工作,,西瓜,True
2021-03-04T15:10:53.566+0800,2021-03-04T15:35:53.566+0800,工作,,西瓜,True
2021-03-05T08:58:45.000+0800,2021-03-05T09:23:45.000+0800,未设定,,西瓜,True
2021-03-05T09:32:12.000+0800,2021-03-05T09:57:12.000+0800,未设定,,西瓜,True
2021-03-05T10:02:02.329+0800,2021-03-05T10:27:02.329+0800,计算机网络原理,,西瓜,True
2021-03-05T10:30:44.157+0800,2021-03-05T10:55:44.157+0800,工作,,西瓜,True
2021-03-08T09:39:25.731+0800,2021-03-08T10:04:25.731+0800,工作,,西瓜,True
2021-03-08T11:03:55.326+0800,2021-03-08T11:28:55.326+0800,工作,,西瓜,True
2021-03-08T14:08:31.371+0800,2021-03-08T14:33:31.371+0800,工作,,西瓜,True
2021-03-08T14:47:48.340+0800,2021-03-08T15:12:48.340+0800,工作,,西瓜,True
2021-03-08T15:52:41.327+0800,2021-03-08T16:17:41.327+0800,工作,,西瓜,True
2021-03-08T23:07:48.781+0800,2021-03-08T23:32:48.781+0800,计算机网络原理,,西瓜,True
2021-03-09T08:56:26.418+0800,2021-03-09T09:21:26.418+0800,工作,,西瓜,True
2021-03-09T09:30:56.464+0800,2021-03-09T09:55:56.464+0800,工作,,西瓜,True
2021-03-09T10:08:19.102+0800,2021-03-09T10:33:19.102+0800,工作,,西瓜,True
2021-03-09T13:38:37.711+0800,2021-03-09T14:03:37.711+0800,工作,,西瓜,True
2021-03-10T08:48:17.774+0800,2021-03-10T09:13:17.774+0800,工作,,西瓜,True
2021-03-10T09:22:10.414+0800,2021-03-10T09:47:10.414+0800,工作,,西瓜,True
2021-03-10T10:19:56.834+0800,2021-03-10T10:44:56.834+0800,工作,,西瓜,True
2021-03-10T10:52:06.011+0800,2021-03-10T11:17:06.011+0800,工作,,西瓜,True
2021-03-10T11:24:19.384+0800,2021-03-10T11:49:19.384+0800,工作,,西瓜,True
2021-03-10T13:40:39.380+0800,2021-03-10T14:05:39.380+0800,工作,,西瓜,True
2021-03-10T14:18:20.006+0800,2021-03-10T14:43:20.006+0800,工作,,西瓜,True
2021-03-11T09:23:15.135+0800,2021-03-11T09:48:15.135+0800,工作,,西瓜,True
2021-03-11T09:54:55.199+0800,2021-03-11T10:19:55.199+0800,工作,,西瓜,True
2021-03-11T10:40:54.086+0800,2021-03-11T11:05:54.086+0800,工作,,西瓜,True
2021-03-11T16:31:51.295+0800,2021-03-11T16:56:51.295+0800,工作,,西瓜,True
2021-03-12T09:04:42.652+0800,2021-03-12T09:29:42.652+0800,工作,,西瓜,True
2021-03-12T10:06:43.117+0800,2021-03-12T10:31:43.117+0800,工作,,西瓜,True
2021-03-12T10:56:02.251+0800,2021-03-12T11:21:02.251+0800,工作,,西瓜,True
2021-03-13T10:27:06.470+0800,2021-03-13T10:52:06.470+0800,工作,,西瓜,True
2021-03-13T14:23:36.356+0800,2021-03-13T14:48:36.356+0800,工作,,西瓜,True
2021-03-13T14:52:52.269+0800,2021-03-13T15:17:52.269+0800,工作,,西瓜,True
2021-03-13T15:18:36.309+0800,2021-03-13T15:43:36.309+0800,工作,,西瓜,True
2021-03-13T15:48:31.273+0800,2021-03-13T16:13:31.273+0800,工作,,西瓜,True
2021-03-13T16:28:25.639+0800,2021-03-13T16:53:25.639+0800,工作,,西瓜,True
2021-03-15T09:35:01.556+0800,2021-03-15T10:00:01.556+0800,工作,,西瓜,True
2021-03-15T10:04:22.219+0800,2021-03-15T10:29:22.219+0800,工作,,西瓜,True
2021-03-15T10:43:08.965+0800,2021-03-15T11:08:08.965+0800,工作,,西瓜,True
2021-03-15T13:42:41.077+0800,2021-03-15T14:07:41.077+0800,工作,,西瓜,True
2021-03-15T14:12:08.060+0800,2021-03-15T14:37:08.060+0800,工作,,西瓜,True
2021-03-15T14:41:07.450+0800,2021-03-15T15:06:07.450+0800,工作,,西瓜,True
2021-03-15T15:18:25.182+0800,2021-03-15T15:43:25.182+0800,工作,,西瓜,True
2021-03-15T16:02:55.913+0800,2021-03-15T16:27:55.913+0800,工作,,西瓜,True
2021-03-15T16:31:26.917+0800,2021-03-15T16:56:26.917+0800,工作,,西瓜,True
2021-03-15T17:01:41.580+0800,2021-03-15T17:26:41.580+0800,工作,,西瓜,True
2021-03-15T17:33:26.343+0800,2021-03-15T17:58:26.343+0800,工作,,西瓜,True
2021-03-15T19:11:52.736+0800,2021-03-15T19:36:52.736+0800,工作,,西瓜,True
2021-03-15T20:00:22.126+0800,2021-03-15T20:25:22.126+0800,工作,,西瓜,True
2021-03-16T08:49:40.698+0800,2021-03-16T09:14:40.698+0800,工作,,西瓜,True
2021-03-16T09:16:42.898+0800,2021-03-16T09:41:42.898+0800,工作,,西瓜,True
2021-03-16T09:52:46.883+0800,2021-03-16T10:17:46.883+0800,工作,,西瓜,True
2021-03-16T10:26:14.138+0800,2021-03-16T10:51:14.138+0800,工作,,西瓜,True
2021-03-16T10:54:45.916+0800,2021-03-16T11:19:45.916+0800,工作,,西瓜,True
2021-03-16T11:28:22.468+0800,2021-03-16T11:53:22.468+0800,工作,,西瓜,True
2021-03-16T13:45:56.375+0800,2021-03-16T14:10:56.375+0800,工作,,西瓜,True
2021-03-16T14:15:21.606+0800,2021-03-16T14:40:21.606+0800,工作,,西瓜,True
2021-03-16T14:45:43.034+0800,2021-03-16T15:10:43.034+0800,工作,,西瓜,True
2021-03-16T15:15:39.536+0800,2021-03-16T15:40:39.536+0800,工作,,西瓜,True
2021-03-16T15:42:29.059+0800,2021-03-16T16:07:29.059+0800,工作,,西瓜,True
2021-03-16T16:11:35.279+0800,2021-03-16T16:36:35.279+0800,工作,,西瓜,True
2021-03-16T16:42:24.897+0800,2021-03-16T17:07:24.897+0800,工作,,西瓜,True
2021-03-16T18:55:50.532+0800,2021-03-16T19:20:50.532+0800,工作,,西瓜,True
2021-03-16T19:27:17.129+0800,2021-03-16T19:52:17.129+0800,工作,,西瓜,True
2021-03-16T20:04:17.648+0800,2021-03-16T20:29:17.648+0800,工作,,西瓜,True
2021-03-16T20:31:54.365+0800,2021-03-16T20:56:54.365+0800,工作,,西瓜,True
2021-03-17T09:00:15.967+0800,2021-03-17T09:25:15.967+0800,工作,,西瓜,True
2021-03-17T09:24:05.838+0800,2021-03-17T09:49:05.838+0800,工作,,西瓜,True
2021-03-17T09:55:13.411+0800,2021-03-17T10:20:13.411+0800,工作,,西瓜,True
2021-03-17T10:21:20.866+0800,2021-03-17T10:46:20.866+0800,工作,,西瓜,True
2021-03-17T10:52:20.699+0800,2021-03-17T11:17:20.699+0800,工作,,西瓜,True
2021-03-17T11:21:37.512+0800,2021-03-17T11:46:37.512+0800,工作,,西瓜,True
2021-03-17T13:40:43.534+0800,2021-03-17T14:05:43.534+0800,工作,,西瓜,True
2021-03-17T14:09:54.811+0800,2021-03-17T14:34:54.811+0800,工作,,西瓜,True
2021-03-17T14:36:25.381+0800,2021-03-17T15:01:25.381+0800,工作,,西瓜,True
2021-03-17T15:06:31.414+0800,2021-03-17T15:31:31.414+0800,工作,,西瓜,True
2021-03-17T15:43:16.482+0800,2021-03-17T16:08:16.482+0800,工作,,西瓜,True
2021-03-17T16:20:20.927+0800,2021-03-17T16:45:20.927+0800,工作,,西瓜,True
2021-03-17T16:45:30.732+0800,2021-03-17T17:10:30.732+0800,工作,,西瓜,True
2021-03-17T19:10:51.831+0800,2021-03-17T19:35:51.831+0800,工作,,西瓜,True
2021-03-18T10:00:17.021+0800,2021-03-18T10:25:17.021+0800,工作,,西瓜,True
2021-03-18T10:51:17.143+0800,2021-03-18T11:16:17.143+0800,工作,,西瓜,True
2021-03-18T14:00:08.597+0800,2021-03-18T14:25:08.597+0800,工作,,西瓜,True
2021-03-18T14:34:01.991+0800,2021-03-18T14:59:01.991+0800,工作,,西瓜,True
2021-03-18T14:59:20.803+0800,2021-03-18T15:24:20.803+0800,工作,,西瓜,True
2021-03-18T16:34:00.493+0800,2021-03-18T16:59:00.493+0800,工作,,西瓜,True
2021-03-19T09:55:59.265+0800,2021-03-19T10:20:59.265+0800,工作,,西瓜,True
2021-03-20T15:26:57.241+0800,2021-03-20T15:51:57.241+0800,工作,,西瓜,True
2021-03-20T15:58:50.747+0800,2021-03-20T16:23:50.747+0800,工作,,西瓜,True
2021-03-20T16:27:05.457+0800,2021-03-20T16:52:05.457+0800,工作,,西瓜,True
2021-03-21T10:01:45.987+0800,2021-03-21T10:26:45.987+0800,计算机网络管理,,西瓜,True
2021-03-21T10:27:57.000+0800,2021-03-21T10:52:57.000+0800,未设定,,西瓜,True
2021-03-22T09:32:33.513+0800,2021-03-22T09:57:33.513+0800,工作,,西瓜,True
2021-03-22T10:06:38.107+0800,2021-03-22T10:31:38.107+0800,工作,,西瓜,True
2021-03-22T11:09:48.177+0800,2021-03-22T11:34:48.177+0800,工作,,西瓜,True
2021-03-22T14:48:20.000+0800,2021-03-22T15:13:20.000+0800,未设定,,仙人掌球,True
2021-03-22T16:50:34.000+0800,2021-03-22T17:15:34.000+0800,未设定,,仙人掌球,True
2021-03-22T19:36:52.000+0800,2021-03-22T20:01:52.000+0800,未设定,,仙人掌球,True
2021-03-23T09:28:36.695+0800,2021-03-23T09:53:36.695+0800,工作,,西瓜,True
2021-03-23T10:11:52.679+0800,2021-03-23T10:36:52.679+0800,工作,,西瓜,True
2021-03-23T10:41:13.489+0800,2021-03-23T11:06:13.489+0800,工作,,西瓜,True
2021-03-23T11:08:40.417+0800,2021-03-23T11:33:40.417+0800,工作,,西瓜,True
2021-03-23T13:54:06.204+0800,2021-03-23T14:19:06.204+0800,工作,,西瓜,True
2021-03-23T14:30:15.302+0800,2021-03-23T14:55:15.302+0800,工作,,西瓜,True
2021-03-23T15:06:52.768+0800,2021-03-23T15:31:52.768+0800,工作,,西瓜,True
2021-03-23T15:35:48.438+0800,2021-03-23T16:00:48.438+0800,工作,,西瓜,True
2021-03-23T16:06:02.420+0800,2021-03-23T16:31:02.420+0800,工作,,西瓜,True
2021-03-23T16:32:43.826+0800,2021-03-23T16:57:43.826+0800,工作,,西瓜,True
2021-03-23T17:05:39.033+0800,2021-03-23T17:30:39.033+0800,工作,,西瓜,True
2021-03-24T09:37:41.994+0800,2021-03-24T10:02:41.994+0800,工作,,西瓜,True
2021-03-24T10:09:55.066+0800,2021-03-24T10:34:55.066+0800,工作,,西瓜,True
2021-03-24T11:10:26.447+0800,2021-03-24T11:35:26.447+0800,工作,,西瓜,True
2021-03-24T16:02:10.446+0800,2021-03-24T16:27:10.446+0800,工作,,西瓜,True
2021-03-24T16:35:00.556+0800,2021-03-24T17:00:00.556+0800,工作,,西瓜,True
2021-03-24T17:03:29.191+0800,2021-03-24T17:28:29.191+0800,工作,,西瓜,True
2021-03-25T09:33:56.648+0800,2021-03-25T09:58:56.648+0800,工作,,西瓜,True
2021-03-25T10:11:55.469+0800,2021-03-25T10:36:55.469+0800,工作,,西瓜,True
2021-03-25T10:46:15.678+0800,2021-03-25T11:11:15.678+0800,工作,,西瓜,True
2021-03-25T13:44:22.040+0800,2021-03-25T14:09:22.040+0800,工作,,西瓜,True
2021-03-25T14:20:55.965+0800,2021-03-25T14:45:55.965+0800,工作,,西瓜,True
2021-03-30T12:42:24.667+0800,2021-03-30T13:07:24.667+0800,工作,,星星珊瑚,True
2021-03-31T10:46:13.016+0800,2021-03-31T11:11:13.016+0800,工作,,星星珊瑚,True
2021-04-01T08:45:09.824+0800,2021-04-01T09:10:09.824+0800,工作,,星星珊瑚,True
2021-04-01T09:12:32.785+0800,2021-04-01T09:37:32.785+0800,工作,,星星珊瑚,True
2021-04-01T09:40:28.593+0800,2021-04-01T10:05:28.593+0800,工作,,星星珊瑚,True
2021-04-01T10:13:50.836+0800,2021-04-01T10:38:50.836+0800,工作,,星星珊瑚,True
2021-04-01T10:46:58.508+0800,2021-04-01T11:11:58.508+0800,工作,,星星珊瑚,True
2021-04-01T11:18:43.994+0800,2021-04-01T11:43:43.994+0800,工作,,星星珊瑚,True
2021-04-01T13:43:39.556+0800,2021-04-01T14:08:39.556+0800,工作,,星星珊瑚,True
2021-04-01T16:11:28.998+0800,2021-04-01T16:36:28.998+0800,工作,,星星珊瑚,True
2021-04-02T10:12:53.783+0800,2021-04-02T10:37:53.783+0800,工作,,星星珊瑚,True
2021-04-02T10:47:35.458+0800,2021-04-02T11:12:35.458+0800,工作,,星星珊瑚,True
2021-04-02T11:14:19.394+0800,2021-04-02T11:39:19.394+0800,工作,,星星珊瑚,True
2021-04-02T14:14:44.797+0800,2021-04-02T14:39:44.797+0800,工作,,星星珊瑚,True
2021-04-03T11:36:10.617+0800,2021-04-03T11:46:10.617+0800,未设定,,星星珊瑚,True
2021-04-03T12:45:23.306+0800,2021-04-03T12:55:23.306+0800,未设定,,星星珊瑚,True
2021-04-03T12:55:41.053+0800,2021-04-03T13:05:41.053+0800,未设定,,星星珊瑚,True
2021-04-03T14:06:13.050+0800,2021-04-03T14:31:13.050+0800,工作,,星星珊瑚,True
2021-04-03T14:34:58.162+0800,2021-04-03T14:59:58.162+0800,工作,,星星珊瑚,True
2021-04-03T15:10:18.000+0800,2021-04-03T15:35:18.000+0800,工作,,星星珊瑚,True
2021-04-03T15:43:39.100+0800,2021-04-03T16:08:39.100+0800,工作,,星星珊瑚,True
2021-04-04T13:01:09.837+0800,2021-04-04T13:26:09.837+0800,Leetcode,,星星珊瑚,True
2021-04-04T13:28:57.484+0800,2021-04-04T13:53:57.484+0800,Leetcode,,星星珊瑚,True
2021-04-04T15:12:09.174+0800,2021-04-04T15:37:09.174+0800,Java基础,,星星珊瑚,True
2021-04-04T15:45:48.194+0800,2021-04-04T16:10:48.194+0800,Java基础,,星星珊瑚,True
2021-04-04T17:11:18.397+0800,2021-04-04T17:36:18.397+0800,Java基础,,星星珊瑚,True
2021-04-05T14:49:20.469+0800,2021-04-05T15:14:20.469+0800,计算机网络原理,,星星珊瑚,True
2021-04-05T15:36:18.610+0800,2021-04-05T16:01:18.610+0800,计算机网络原理,,星星珊瑚,True
2021-04-05T16:26:58.926+0800,2021-04-05T16:51:58.926+0800,工作,,星星珊瑚,True
2021-04-06T09:26:14.400+0800,2021-04-06T09:51:14.400+0800,工作,,星星珊瑚,True
2021-04-06T09:54:34.301+0800,2021-04-06T10:19:34.301+0800,工作,,星星珊瑚,True
2021-04-06T10:20:57.047+0800,2021-04-06T10:45:57.047+0800,工作,,星星珊瑚,True
2021-04-06T10:50:45.242+0800,2021-04-06T11:15:45.242+0800,工作,,星星珊瑚,True
2021-04-06T11:15:58.100+0800,2021-04-06T11:40:58.100+0800,工作,,星星珊瑚,True
2021-04-06T13:42:31.097+0800,2021-04-06T14:07:31.097+0800,工作,,星星珊瑚,True
2021-04-06T14:11:08.161+0800,2021-04-06T14:36:08.161+0800,工作,,星星珊瑚,True
2021-04-06T14:53:44.878+0800,2021-04-06T15:18:44.878+0800,工作,,星星珊瑚,True
2021-04-06T15:23:01.734+0800,2021-04-06T15:48:01.734+0800,工作,,星星珊瑚,True
2021-04-06T16:06:37.384+0800,2021-04-06T16:31:37.384+0800,工作,,星星珊瑚,True
2021-04-06T16:43:43.033+0800,2021-04-06T17:08:43.033+0800,工作,,星星珊瑚,True
2021-04-06T17:17:07.558+0800,2021-04-06T17:42:07.558+0800,工作,,星星珊瑚,True
2021-04-06T19:33:56.446+0800,2021-04-06T19:58:56.446+0800,工作,,星星珊瑚,True
2021-04-06T20:08:46.177+0800,2021-04-06T20:33:46.177+0800,工作,,星星珊瑚,True
2021-04-06T20:37:17.951+0800,2021-04-06T21:02:17.951+0800,工作,,星星珊瑚,True
2021-04-07T09:16:44.887+0800,2021-04-07T09:41:44.887+0800,工作,,星星珊瑚,True
2021-04-07T09:55:12.233+0800,2021-04-07T10:20:12.233+0800,工作,,星星珊瑚,True
2021-04-07T13:47:16.250+0800,2021-04-07T14:12:16.250+0800,工作,,星星珊瑚,True
2021-04-07T14:17:36.342+0800,2021-04-07T14:42:36.342+0800,工作,,星星珊瑚,True
2021-04-07T14:44:40.655+0800,2021-04-07T15:09:40.655+0800,工作,,星星珊瑚,True
2021-04-07T15:13:22.388+0800,2021-04-07T15:38:22.388+0800,工作,,星星珊瑚,True
2021-04-07T15:48:43.587+0800,2021-04-07T16:13:43.587+0800,工作,,星星珊瑚,True
2021-04-07T18:55:22.990+0800,2021-04-07T19:20:22.990+0800,工作,,星星珊瑚,True
2021-04-07T19:24:14.641+0800,2021-04-07T19:49:14.641+0800,工作,,星星珊瑚,True
2021-04-07T19:51:33.534+0800,2021-04-07T20:16:33.534+0800,工作,,星星珊瑚,True
2021-04-08T08:31:52.634+0800,2021-04-08T08:56:52.634+0800,计算机网络原理,,星星珊瑚,True
2021-04-08T09:01:08.527+0800,2021-04-08T09:26:08.527+0800,计算机网络原理,,星星珊瑚,True
2021-04-08T09:28:59.473+0800,2021-04-08T09:53:59.473+0800,Android,,星星珊瑚,True
2021-04-08T10:00:09.544+0800,2021-04-08T10:25:09.544+0800,工作,,星星珊瑚,True
2021-04-08T10:30:06.313+0800,2021-04-08T10:55:06.313+0800,工作,,星星珊瑚,True
2021-04-08T11:00:12.034+0800,2021-04-08T11:25:12.034+0800,工作,,星星珊瑚,True
2021-04-08T13:36:52.574+0800,2021-04-08T14:01:52.574+0800,工作,,星星珊瑚,True
2021-04-08T14:14:02.588+0800,2021-04-08T14:39:02.588+0800,工作,,星星珊瑚,True
2021-04-08T14:49:38.341+0800,2021-04-08T15:14:38.341+0800,工作,,星星珊瑚,True
2021-04-09T13:50:29.811+0800,2021-04-09T14:15:29.811+0800,工作,,星星珊瑚,True
2021-04-09T14:18:03.505+0800,2021-04-09T14:43:03.505+0800,工作,,星星珊瑚,True
2021-04-09T14:49:48.110+0800,2021-04-09T15:14:48.110+0800,工作,,星星珊瑚,True
2021-04-09T16:13:45.468+0800,2021-04-09T16:38:45.468+0800,工作,,星星珊瑚,True
2021-04-09T16:46:07.616+0800,2021-04-09T17:11:07.616+0800,工作,,星星珊瑚,True
2021-04-09T17:14:06.025+0800,2021-04-09T17:39:06.025+0800,工作,,星星珊瑚,True
2021-04-09T19:01:42.004+0800,2021-04-09T19:26:42.004+0800,工作,,星星珊瑚,True
2021-04-10T09:06:04.500+0800,2021-04-10T09:31:04.500+0800,工作,,星星珊瑚,True
2021-04-10T09:38:27.032+0800,2021-04-10T10:03:27.032+0800,工作,,星星珊瑚,True
2021-04-10T10:05:43.250+0800,2021-04-10T10:30:43.250+0800,工作,,星星珊瑚,True
2021-04-10T10:34:19.680+0800,2021-04-10T10:59:19.680+0800,工作,,星星珊瑚,True
2021-04-12T08:28:00.000+0800,2021-04-12T08:53:00.000+0800,未设定,,星星珊瑚,True
2021-04-12T09:25:47.962+0800,2021-04-12T09:50:47.962+0800,工作,,星星珊瑚,True
2021-04-12T10:22:25.332+0800,2021-04-12T10:47:25.332+0800,工作,,星星珊瑚,True
2021-04-12T11:22:17.640+0800,2021-04-12T11:47:17.640+0800,工作,,星星珊瑚,True
2021-04-12T13:42:01.813+0800,2021-04-12T14:07:01.813+0800,工作,,星星珊瑚,True
2021-04-12T14:12:45.490+0800,2021-04-12T14:37:45.490+0800,工作,,星星珊瑚,True
2021-04-12T14:37:58.675+0800,2021-04-12T15:02:58.675+0800,工作,,星星珊瑚,True
2021-04-12T15:07:19.128+0800,2021-04-12T15:32:19.128+0800,工作,,星星珊瑚,True
2021-04-12T15:32:27.378+0800,2021-04-12T15:57:27.378+0800,工作,,星星珊瑚,True
2021-04-12T16:18:24.360+0800,2021-04-12T16:43:24.360+0800,工作,,星星珊瑚,True
2021-04-12T16:43:31.318+0800,2021-04-12T17:08:31.318+0800,工作,,星星珊瑚,True
2021-04-12T17:43:34.742+0800,2021-04-12T18:08:34.742+0800,工作,,星星珊瑚,True
2021-04-12T18:08:54.209+0800,2021-04-12T18:33:54.209+0800,工作,,星星珊瑚,True
2021-04-12T19:01:56.421+0800,2021-04-12T19:26:56.421+0800,工作,,星星珊瑚,True
2021-04-12T19:29:40.650+0800,2021-04-12T19:54:40.650+0800,工作,,星星珊瑚,True
2021-04-12T19:54:49.804+0800,2021-04-12T20:19:49.804+0800,工作,,星星珊瑚,True
2021-04-12T20:22:24.913+0800,2021-04-12T20:47:24.913+0800,工作,,星星珊瑚,True
2021-04-13T08:23:26.351+0800,2021-04-13T08:48:26.351+0800,工作,,星星珊瑚,True
2021-04-13T08:55:03.934+0800,2021-04-13T09:20:03.934+0800,工作,,星星珊瑚,True
2021-04-13T09:31:25.963+0800,2021-04-13T09:56:25.963+0800,工作,,星星珊瑚,True
2021-04-13T10:10:07.235+0800,2021-04-13T10:35:07.235+0800,工作,,星星珊瑚,True
2021-04-13T10:39:47.221+0800,2021-04-13T11:04:47.221+0800,工作,,星星珊瑚,True
2021-04-13T11:26:02.973+0800,2021-04-13T11:51:02.973+0800,工作,,星星珊瑚,True
2021-04-13T13:49:53.530+0800,2021-04-13T14:14:53.530+0800,工作,,星星珊瑚,True
2021-04-13T14:27:33.114+0800,2021-04-13T14:52:33.114+0800,工作,,星星珊瑚,True
2021-04-13T14:59:09.829+0800,2021-04-13T15:24:09.829+0800,工作,,星星珊瑚,True
2021-04-13T15:28:08.020+0800,2021-04-13T15:53:08.020+0800,工作,,星星珊瑚,True
2021-04-13T16:01:58.804+0800,2021-04-13T16:26:58.804+0800,工作,,星星珊瑚,True
2021-04-13T16:27:43.202+0800,2021-04-13T16:52:43.202+0800,工作,,星星珊瑚,True
2021-04-13T17:01:40.419+0800,2021-04-13T17:26:40.419+0800,工作,,星星珊瑚,True
2021-04-14T09:41:25.367+0800,2021-04-14T10:06:25.367+0800,工作,,星星珊瑚,True
2021-04-14T10:29:14.075+0800,2021-04-14T10:54:14.075+0800,工作,,星星珊瑚,True
2021-04-16T09:27:08.509+0800,2021-04-16T09:52:08.509+0800,工作,,星星珊瑚,True
2021-04-16T10:07:58.543+0800,2021-04-16T10:32:58.543+0800,工作,,星星珊瑚,True
2021-04-16T14:00:28.446+0800,2021-04-16T14:25:28.446+0800,工作,,星星珊瑚,True
2021-04-16T14:29:33.906+0800,2021-04-16T14:54:33.906+0800,工作,,星星珊瑚,True
2021-04-16T15:01:27.317+0800,2021-04-16T15:26:27.317+0800,工作,,星星珊瑚,True
2021-04-16T15:33:56.804+0800,2021-04-16T15:58:56.804+0800,工作,,星星珊瑚,True
2021-04-16T16:01:34.182+0800,2021-04-16T16:26:34.182+0800,工作,,星星珊瑚,True
2021-04-16T16:35:34.739+0800,2021-04-16T17:00:34.739+0800,工作,,星星珊瑚,True
2021-04-16T17:04:11.916+0800,2021-04-16T17:29:11.916+0800,工作,,星星珊瑚,True
2021-04-16T19:12:26.062+0800,2021-04-16T19:37:26.062+0800,工作,,星星珊瑚,True
2021-04-16T19:40:53.514+0800,2021-04-16T20:05:53.514+0800,工作,,星星珊瑚,True
2021-04-18T10:05:30.212+0800,2021-04-18T10:30:30.212+0800,Java基础,,星星珊瑚,True
2021-04-18T10:55:04.624+0800,2021-04-18T11:20:04.624+0800,Java基础,,星星珊瑚,True
2021-04-19T09:43:44.845+0800,2021-04-19T10:08:44.845+0800,工作,,星星珊瑚,True
2021-04-19T10:08:59.653+0800,2021-04-19T10:33:59.653+0800,工作,,星星珊瑚,True
2021-04-19T10:34:12.751+0800,2021-04-19T10:59:12.751+0800,工作,,星星珊瑚,True
2021-04-19T11:12:47.108+0800,2021-04-19T11:37:47.108+0800,工作,,星星珊瑚,True
2021-04-19T11:38:16.610+0800,2021-04-19T12:03:16.610+0800,工作,,星星珊瑚,True
2021-04-19T13:55:03.000+0800,2021-04-19T14:20:03.000+0800,工作,,仙人掌球,True
2021-04-19T14:27:01.000+0800,2021-04-19T14:52:01.000+0800,工作,,仙人掌球,True
2021-04-19T14:52:57.000+0800,2021-04-19T15:17:57.000+0800,工作,,仙人掌球,True
2021-04-19T14:52:57.000+0800,2021-04-19T15:17:57.000+0800,工作,,仙人掌球,True
2021-04-19T15:23:09.000+0800,2021-04-19T15:48:09.000+0800,工作,,仙人掌球,True
2021-05-18T08:47:12.000+0800,2021-05-18T09:13:49.000+0800,Leetcode,,仙人掌球,True
2021-05-18T09:22:18.000+0800,2021-05-18T09:47:18.000+0800,Leetcode,,仙人掌球,True
2021-05-18T10:20:17.216+0800,2021-05-18T10:45:17.216+0800,工作,,星星珊瑚,True
2021-05-18T10:50:14.319+0800,2021-05-18T11:15:14.319+0800,工作,,星星珊瑚,True
2021-05-18T11:15:22.239+0800,2021-05-18T11:40:22.239+0800,工作,,星星珊瑚,True
2021-05-18T13:56:19.544+0800,2021-05-18T14:21:19.544+0800,工作,,星星珊瑚,True
2021-05-18T14:28:13.512+0800,2021-05-18T14:53:13.512+0800,工作,,星星珊瑚,True
2021-05-18T14:54:46.539+0800,2021-05-18T15:19:46.539+0800,工作,,星星珊瑚,True
2021-05-18T15:20:18.344+0800,2021-05-18T15:45:18.344+0800,工作,,星星珊瑚,True
2021-05-18T15:52:42.872+0800,2021-05-18T16:17:42.872+0800,工作,,星星珊瑚,True
2021-05-18T16:32:06.192+0800,2021-05-18T16:57:06.192+0800,工作,,星星珊瑚,True
2021-05-18T19:15:05.542+0800,2021-05-18T19:40:05.542+0800,工作,,星星珊瑚,True
2021-05-18T19:42:33.449+0800,2021-05-18T20:07:33.449+0800,工作,,星星珊瑚,True
2021-05-19T08:39:15.805+0800,2021-05-19T09:04:15.805+0800,Leetcode,,星星珊瑚,True
2021-05-19T09:10:16.238+0800,2021-05-19T09:35:16.238+0800,Leetcode,,星星珊瑚,True
2021-05-19T09:42:13.676+0800,2021-05-19T10:07:13.676+0800,工作,,星星珊瑚,True
2021-05-19T10:31:09.329+0800,2021-05-19T10:56:09.329+0800,工作,,星星珊瑚,True
2021-05-19T11:05:33.525+0800,2021-05-19T11:30:33.525+0800,工作,,星星珊瑚,True
2021-05-19T11:31:26.113+0800,2021-05-19T11:56:26.113+0800,工作,,星星珊瑚,True
2021-05-19T13:54:12.136+0800,2021-05-19T14:19:12.136+0800,Android,,星星珊瑚,True
2021-05-19T14:33:29.249+0800,2021-05-19T14:58:29.249+0800,Android,,星星珊瑚,True
2021-05-19T15:04:08.918+0800,2021-05-19T15:29:08.918+0800,Android,,星星珊瑚,True
2021-05-19T15:29:42.860+0800,2021-05-19T15:54:42.860+0800,Android,,星星珊瑚,True
2021-05-19T16:31:59.292+0800,2021-05-19T16:56:59.292+0800,Android,,星星珊瑚,True
2021-05-19T16:58:49.816+0800,2021-05-19T17:23:49.816+0800,Android,,星星珊瑚,True
2021-05-20T09:15:08.671+0800,2021-05-20T09:40:08.671+0800,工作,,星星珊瑚,True
2021-05-20T09:51:34.289+0800,2021-05-20T10:16:34.289+0800,工作,,星星珊瑚,True
2021-05-20T10:28:27.294+0800,2021-05-20T10:53:27.294+0800,工作,,星星珊瑚,True
2021-05-20T11:20:34.867+0800,2021-05-20T11:45:34.867+0800,工作,,星星珊瑚,True
2021-05-20T14:11:04.877+0800,2021-05-20T14:36:04.877+0800,工作,,星星珊瑚,True
2021-05-20T14:47:24.589+0800,2021-05-20T15:12:24.589+0800,工作,,星星珊瑚,True
2021-05-20T15:20:41.016+0800,2021-05-20T15:45:41.016+0800,工作,,星星珊瑚,True
2021-05-20T15:51:30.827+0800,2021-05-20T16:16:30.827+0800,工作,,星星珊瑚,True
2021-05-21T09:06:52.599+0800,2021-05-21T09:31:52.599+0800,工作,,星星珊瑚,True
2021-05-21T09:38:10.822+0800,2021-05-21T10:03:10.822+0800,工作,,星星珊瑚,True
2021-05-21T10:04:32.494+0800,2021-05-21T10:29:32.494+0800,工作,,星星珊瑚,True
2021-05-21T10:33:40.743+0800,2021-05-21T10:58:40.743+0800,工作,,星星珊瑚,True
2021-05-25T08:39:03.801+0800,2021-05-25T09:04:03.801+0800,Android,,星星珊瑚,True
2021-05-26T08:42:12.065+0800,2021-05-26T09:07:12.065+0800,Android,,星星珊瑚,True
2021-05-26T15:17:54.973+0800,2021-05-26T15:42:54.973+0800,Android,,星星珊瑚,True
2021-05-26T15:47:14.691+0800,2021-05-26T16:12:14.691+0800,Android,,星星珊瑚,True
2021-05-29T18:31:22.997+0800,2021-05-29T18:56:22.997+0800,Leetcode,,星星珊瑚,True
2021-05-31T07:40:12.118+0800,2021-05-31T08:05:12.118+0800,Java虚拟机,,七周年蛋糕树,True
2021-05-31T08:06:32.438+0800,2021-05-31T08:31:32.438+0800,Java虚拟机,,七周年蛋糕树,True
2021-05-31T08:37:30.045+0800,2021-05-31T09:02:30.045+0800,Java虚拟机,,七周年蛋糕树,True
2021-06-02T14:05:16.522+0800,2021-06-02T14:30:16.522+0800,工作,,七周年蛋糕树,True
2021-06-02T14:33:23.312+0800,2021-06-02T14:58:23.312+0800,工作,,七周年蛋糕树,True
2021-06-02T15:37:22.361+0800,2021-06-02T16:02:22.361+0800,工作,,七周年蛋糕树,True
2021-06-02T16:02:46.487+0800,2021-06-02T16:27:46.487+0800,工作,,七周年蛋糕树,True
2021-06-02T19:25:36.723+0800,2021-06-02T19:50:36.723+0800,工作,,七周年蛋糕树,True
2021-06-02T19:55:00.669+0800,2021-06-02T20:20:00.669+0800,Java虚拟机,,七周年蛋糕树,True
2021-06-03T09:35:18.927+0800,2021-06-03T10:00:18.927+0800,Leetcode,,七周年蛋糕树,True
2021-06-03T10:03:24.871+0800,2021-06-03T10:28:24.871+0800,Leetcode,,七周年蛋糕树,True
2021-06-03T10:42:33.977+0800,2021-06-03T11:07:33.977+0800,工作,,七周年蛋糕树,True
2021-06-03T14:05:44.130+0800,2021-06-03T14:30:44.130+0800,工作,,七周年蛋糕树,True
2021-06-03T14:55:38.951+0800,2021-06-03T15:20:38.951+0800,工作,,七周年蛋糕树,True
2021-06-03T15:40:07.636+0800,2021-06-03T16:05:07.636+0800,工作,,七周年蛋糕树,True
2021-06-04T09:20:15.580+0800,2021-06-04T09:45:15.580+0800,工作,,七周年蛋糕树,True
2021-06-04T09:57:23.894+0800,2021-06-04T10:22:23.894+0800,Leetcode,,七周年蛋糕树,True
2021-06-04T10:32:46.763+0800,2021-06-04T10:57:46.763+0800,工作,,七周年蛋糕树,True
2021-06-04T11:31:05.708+0800,2021-06-04T11:56:05.708+0800,工作,,七周年蛋糕树,True
2021-06-04T14:03:07.986+0800,2021-06-04T14:28:07.986+0800,工作,,七周年蛋糕树,True
2021-06-04T14:35:22.188+0800,2021-06-04T15:00:22.188+0800,工作,,七周年蛋糕树,True
2021-06-04T15:06:11.366+0800,2021-06-04T15:31:11.366+0800,工作,,七周年蛋糕树,True
2021-06-04T16:04:03.650+0800,2021-06-04T16:29:03.650+0800,工作,,七周年蛋糕树,True
2021-06-04T16:42:06.735+0800,2021-06-04T17:07:06.735+0800,工作,,七周年蛋糕树,True
2021-06-05T09:40:14.529+0800,2021-06-05T10:05:14.529+0800,Leetcode,,七周年蛋糕树,True
2021-06-05T10:09:37.153+0800,2021-06-05T10:34:37.153+0800,Leetcode,,七周年蛋糕树,True
2021-06-05T10:48:05.869+0800,2021-06-05T11:13:05.869+0800,算法,,七周年蛋糕树,True
2021-06-05T11:26:17.018+0800,2021-06-05T11:51:17.018+0800,算法,,七周年蛋糕树,True
2021-06-06T08:42:14.802+0800,2021-06-06T09:07:14.802+0800,算法,,七周年蛋糕树,True
2021-06-06T09:16:52.753+0800,2021-06-06T09:41:52.753+0800,Leetcode,,七周年蛋糕树,True
2021-06-06T09:52:16.921+0800,2021-06-06T10:17:16.921+0800,Leetcode,,七周年蛋糕树,True
2021-06-07T09:57:48.720+0800,2021-06-07T10:22:48.720+0800,Leetcode,,七周年蛋糕树,True
2021-06-07T10:23:53.561+0800,2021-06-07T10:48:53.561+0800,工作,,七周年蛋糕树,True
2021-06-07T10:49:48.221+0800,2021-06-07T11:14:48.221+0800,Leetcode,,七周年蛋糕树,True
2021-06-07T11:18:08.338+0800,2021-06-07T11:43:08.338+0800,Leetcode,,七周年蛋糕树,True
2021-06-07T14:10:32.630+0800,2021-06-07T14:35:32.630+0800,工作,,七周年蛋糕树,True
2021-06-07T16:14:10.608+0800,2021-06-07T16:39:10.608+0800,工作,,七周年蛋糕树,True
2021-06-07T16:42:46.009+0800,2021-06-07T17:07:46.009+0800,工作,,七周年蛋糕树,True
2021-06-07T17:36:24.923+0800,2021-06-07T18:01:24.923+0800,工作,,七周年蛋糕树,True
2021-06-07T19:33:15.805+0800,2021-06-07T19:58:15.805+0800,工作,,七周年蛋糕树,True
2021-06-07T20:10:25.096+0800,2021-06-07T20:35:25.096+0800,工作,,七周年蛋糕树,True
2021-06-07T20:51:32.575+0800,2021-06-07T21:16:32.575+0800,工作,,七周年蛋糕树,True
2021-06-08T08:46:33.215+0800,2021-06-08T09:11:33.215+0800,Java虚拟机,,七周年蛋糕树,True
2021-06-08T09:24:07.689+0800,2021-06-08T09:49:07.689+0800,Java虚拟机,,七周年蛋糕树,True
2021-06-08T10:08:15.522+0800,2021-06-08T10:33:15.522+0800,Java虚拟机,,七周年蛋糕树,True
2021-06-08T10:34:24.169+0800,2021-06-08T10:59:24.169+0800,Java虚拟机,,七周年蛋糕树,True
2021-06-08T14:01:15.918+0800,2021-06-08T14:26:15.918+0800,Java虚拟机,,七周年蛋糕树,True
2021-06-08T14:45:17.404+0800,2021-06-08T15:10:17.404+0800,Java虚拟机,,七周年蛋糕树,True
2021-06-08T15:27:29.949+0800,2021-06-08T15:52:29.949+0800,Java虚拟机,,七周年蛋糕树,True
2021-06-08T19:59:46.245+0800,2021-06-08T20:24:46.245+0800,Java虚拟机,,七周年蛋糕树,True
2021-06-09T08:28:48.133+0800,2021-06-09T08:53:48.133+0800,Leetcode,,七周年蛋糕树,True
2021-06-09T09:16:31.031+0800,2021-06-09T09:41:31.031+0800,Leetcode,,七周年蛋糕树,True
2021-06-09T09:57:39.244+0800,2021-06-09T10:22:39.244+0800,Java虚拟机,,七周年蛋糕树,True
2021-06-09T10:24:33.090+0800,2021-06-09T10:49:33.090+0800,工作,,七周年蛋糕树,True
2021-06-09T11:00:46.889+0800,2021-06-09T11:25:46.889+0800,工作,,七周年蛋糕树,True
2021-06-10T08:59:10.785+0800,2021-06-10T09:24:10.785+0800,Leetcode,,七周年蛋糕树,True
2021-06-10T09:28:32.598+0800,2021-06-10T09:53:32.598+0800,Leetcode,,七周年蛋糕树,True
2021-06-13T12:13:12.140+0800,2021-06-13T12:26:22.709+0800,算法,不,雪松,False
2021-06-15T10:41:24.275+0800,2021-06-15T11:06:24.275+0800,工作,,雪松,True
2021-06-15T11:13:27.426+0800,2021-06-15T11:38:27.426+0800,工作,,雪松,True
2021-06-15T11:44:14.287+0800,2021-06-15T12:09:14.287+0800,工作,,雪松,True
2021-06-15T14:04:32.303+0800,2021-06-15T14:29:32.303+0800,工作,,雪松,True
2021-06-15T14:57:42.448+0800,2021-06-15T15:22:42.448+0800,工作,,雪松,True
2021-06-15T15:30:18.518+0800,2021-06-15T15:55:18.518+0800,工作,,雪松,True
2021-06-15T16:02:15.668+0800,2021-06-15T16:27:15.668+0800,工作,,雪松,True
2021-06-15T16:27:25.782+0800,2021-06-15T16:52:25.782+0800,工作,,雪松,True
2021-06-15T16:52:58.069+0800,2021-06-15T17:17:58.069+0800,工作,,雪松,True
2021-06-15T17:33:07.230+0800,2021-06-15T17:58:07.230+0800,工作,,雪松,True
2021-06-15T18:02:29.158+0800,2021-06-15T18:27:29.158+0800,工作,,雪松,True
2021-06-15T19:33:29.399+0800,2021-06-15T19:58:29.399+0800,工作,,雪松,True
2021-06-16T10:38:20.000+0800,2021-06-16T11:03:20.000+0800,工作,,仙人掌球,True
2021-06-16T11:03:25.000+0800,2021-06-16T11:28:25.000+0800,工作,,仙人掌球,True
2021-06-16T11:36:03.000+0800,2021-06-16T12:01:03.000+0800,工作,,仙人掌球,True
2021-06-16T14:10:11.000+0800,2021-06-16T14:35:11.000+0800,工作,,仙人掌球,True
2021-06-16T16:38:39.000+0800,2021-06-16T17:03:39.000+0800,工作,,仙人掌球,True
2021-06-16T17:04:20.000+0800,2021-06-16T17:29:20.000+0800,工作,,仙人掌球,True
2021-06-16T17:40:29.000+0800,2021-06-16T18:05:29.000+0800,工作,,仙人掌球,True
2021-06-17T08:36:02.187+0800,2021-06-17T09:01:02.187+0800,Leetcode,,雪松,True
2021-06-17T09:08:56.248+0800,2021-06-17T09:33:56.248+0800,Leetcode,,雪松,True
2021-06-17T09:37:09.165+0800,2021-06-17T10:02:09.165+0800,Leetcode,,雪松,True
2021-06-17T10:13:26.935+0800,2021-06-17T10:38:26.935+0800,工作,,雪松,True
2021-06-17T11:06:42.308+0800,2021-06-17T11:31:42.308+0800,工作,,雪松,True
2021-06-17T14:09:02.000+0800,2021-06-17T14:34:02.000+0800,工作,,仙人掌球,True
2021-06-17T14:50:17.000+0800,2021-06-17T15:15:17.000+0800,工作,,仙人掌球,True
2021-06-17T17:35:16.844+0800,2021-06-17T18:00:16.844+0800,工作,,雪松,True
2021-06-18T08:57:53.133+0800,2021-06-18T09:22:53.133+0800,Leetcode,,雪松,True
2021-06-18T09:30:35.623+0800,2021-06-18T09:55:35.623+0800,Leetcode,,雪松,True
2021-06-18T14:18:27.335+0800,2021-06-18T14:43:27.335+0800,Android,,雪松,True
2021-06-18T15:10:23.790+0800,2021-06-18T15:35:23.790+0800,Android,,雪松,True
2021-06-21T11:17:00.029+0800,2021-06-21T11:42:00.029+0800,Android,,雪松,True
2021-06-21T14:09:21.413+0800,2021-06-21T14:34:21.413+0800,Leetcode,,雪松,True
2021-06-22T09:19:17.061+0800,2021-06-22T09:44:17.061+0800,Android,,雪松,True
2021-06-22T09:47:52.673+0800,2021-06-22T10:12:52.673+0800,Android,,熊童子,True
2021-06-22T10:16:24.258+0800,2021-06-22T10:41:24.258+0800,Android,,熊童子,True
2021-06-22T10:55:02.474+0800,2021-06-22T11:20:02.474+0800,工作,,熊童子,True
2021-06-22T11:28:56.977+0800,2021-06-22T11:53:56.977+0800,工作,,熊童子,True
2021-06-22T14:21:10.251+0800,2021-06-22T14:46:10.251+0800,工作,,熊童子,True
2021-06-22T15:02:19.574+0800,2021-06-22T15:27:19.574+0800,工作,,熊童子,True
2021-06-22T15:40:59.018+0800,2021-06-22T16:05:59.018+0800,工作,,熊童子,True
2021-06-22T16:09:37.634+0800,2021-06-22T16:34:37.634+0800,工作,,熊童子,True
2021-06-22T16:35:32.391+0800,2021-06-22T17:00:32.391+0800,工作,,熊童子,True
2021-06-22T17:40:10.153+0800,2021-06-22T18:05:10.153+0800,工作,,熊童子,True
2021-06-23T10:21:09.126+0800,2021-06-23T10:46:09.126+0800,工作,,熊童子,True
2021-06-23T10:50:39.161+0800,2021-06-23T11:15:39.161+0800,工作,,熊童子,True
2021-06-23T11:25:39.503+0800,2021-06-23T11:50:39.503+0800,工作,,熊童子,True
2021-06-23T14:04:01.238+0800,2021-06-23T14:29:01.238+0800,工作,,熊童子,True
2021-06-23T14:33:53.124+0800,2021-06-23T14:58:53.124+0800,工作,,熊童子,True
2021-06-23T15:05:11.994+0800,2021-06-23T15:30:11.994+0800,工作,,熊童子,True
2021-06-23T15:39:51.506+0800,2021-06-23T16:04:51.506+0800,工作,,熊童子,True
2021-06-23T16:08:45.064+0800,2021-06-23T16:33:45.064+0800,工作,,熊童子,True
2021-06-23T16:39:08.747+0800,2021-06-23T17:04:08.747+0800,工作,,熊童子,True
2021-06-23T17:22:55.203+0800,2021-06-23T17:47:55.203+0800,工作,,熊童子,True
2021-06-23T17:53:36.472+0800,2021-06-23T18:18:36.472+0800,工作,,熊童子,True
2021-06-23T18:21:36.379+0800,2021-06-23T18:46:36.379+0800,工作,,熊童子,True
2021-06-23T19:30:53.512+0800,2021-06-23T19:55:53.512+0800,工作,,熊童子,True
2021-06-23T20:02:08.969+0800,2021-06-23T20:27:08.969+0800,工作,,熊童子,True
2021-06-23T20:29:23.971+0800,2021-06-23T20:54:23.971+0800,工作,,熊童子,True
2021-06-24T09:08:39.611+0800,2021-06-24T09:33:39.611+0800,工作,,熊童子,True
2021-06-24T09:34:12.810+0800,2021-06-24T09:59:12.810+0800,工作,,熊童子,True
2021-06-24T09:59:43.594+0800,2021-06-24T10:24:43.594+0800,工作,,熊童子,True
2021-06-24T10:29:15.828+0800,2021-06-24T10:54:15.828+0800,工作,,熊童子,True
2021-06-24T11:04:33.126+0800,2021-06-24T11:29:33.126+0800,工作,,熊童子,True
2021-06-24T11:31:34.563+0800,2021-06-24T11:56:34.563+0800,工作,,熊童子,True
2021-06-24T14:05:24.948+0800,2021-06-24T14:30:24.948+0800,工作,,熊童子,True
2021-06-24T14:32:19.708+0800,2021-06-24T14:57:19.708+0800,工作,,熊童子,True
2021-06-24T15:12:11.269+0800,2021-06-24T15:37:11.269+0800,工作,,熊童子,True
2021-06-24T15:40:45.440+0800,2021-06-24T16:05:45.440+0800,工作,,熊童子,True
2021-06-24T16:09:29.874+0800,2021-06-24T16:34:29.874+0800,工作,,熊童子,True
2021-06-24T16:42:30.683+0800,2021-06-24T17:07:30.683+0800,工作,,熊童子,True
2021-06-24T17:16:26.592+0800,2021-06-24T17:41:26.592+0800,工作,,熊童子,True
2021-06-24T17:48:34.271+0800,2021-06-24T18:13:34.271+0800,工作,,熊童子,True
2021-06-24T18:22:56.720+0800,2021-06-24T18:47:56.720+0800,工作,,熊童子,True
2021-06-24T19:35:27.650+0800,2021-06-24T20:00:27.650+0800,工作,,熊童子,True
2021-06-25T09:33:00.140+0800,2021-06-25T09:58:00.140+0800,工作,,熊童子,True
2021-06-25T10:01:06.823+0800,2021-06-25T10:26:06.823+0800,工作,,熊童子,True
2021-06-25T10:31:50.708+0800,2021-06-25T10:56:50.708+0800,工作,,熊童子,True
2021-06-25T11:06:03.299+0800,2021-06-25T11:31:03.299+0800,工作,,熊童子,True
2021-06-25T14:11:59.432+0800,2021-06-25T14:36:59.432+0800,工作,,熊童子,True
2021-06-25T14:44:05.653+0800,2021-06-25T15:09:05.653+0800,工作,,熊童子,True
2021-06-27T11:09:27.011+0800,2021-06-27T11:34:27.011+0800,Leetcode,,熊童子,True
2021-06-27T11:38:42.409+0800,2021-06-27T12:03:42.409+0800,Leetcode,,熊童子,True
2021-06-28T09:01:35.629+0800,2021-06-28T09:26:35.629+0800,Leetcode,,熊童子,True
2021-06-28T09:27:35.453+0800,2021-06-28T09:52:35.453+0800,Leetcode,,熊童子,True
2021-06-28T10:03:10.460+0800,2021-06-28T10:28:10.460+0800,Java虚拟机,,熊童子,True
2021-06-28T10:28:49.206+0800,2021-06-28T10:53:49.206+0800,Java虚拟机,,熊童子,True
2021-06-28T11:05:59.021+0800,2021-06-28T11:30:59.021+0800,Java虚拟机,,熊童子,True
2021-06-28T11:33:55.460+0800,2021-06-28T11:58:55.460+0800,Java虚拟机,,熊童子,True
2021-06-28T14:03:21.847+0800,2021-06-28T14:28:21.847+0800,Java虚拟机,,熊童子,True
2021-06-28T14:36:58.932+0800,2021-06-28T15:01:58.932+0800,Java虚拟机,,熊童子,True
2021-06-28T15:09:07.961+0800,2021-06-28T15:34:07.961+0800,Java虚拟机,,熊童子,True
2021-06-28T15:37:58.020+0800,2021-06-28T16:02:58.020+0800,工作,,熊童子,True
2021-06-28T16:21:20.672+0800,2021-06-28T16:46:20.672+0800,工作,,熊童子,True
2021-06-28T16:51:57.376+0800,2021-06-28T17:16:57.376+0800,工作,,熊童子,True
2021-06-28T17:33:27.644+0800,2021-06-28T17:58:27.644+0800,工作,,熊童子,True
2021-06-28T18:03:29.217+0800,2021-06-28T18:28:29.217+0800,工作,,熊童子,True
2021-06-28T18:30:39.267+0800,2021-06-28T18:55:39.267+0800,工作,,熊童子,True
2021-06-28T19:34:11.709+0800,2021-06-28T19:59:11.709+0800,工作,,熊童子,True
2021-06-28T20:05:06.104+0800,2021-06-28T20:30:06.104+0800,工作,,熊童子,True
2021-06-29T08:41:34.208+0800,2021-06-29T09:06:34.208+0800,Leetcode,,熊童子,True
2021-06-29T09:07:04.780+0800,2021-06-29T09:32:04.780+0800,Leetcode,,熊童子,True
2021-06-29T09:41:50.045+0800,2021-06-29T10:06:50.045+0800,Android,,熊童子,True
2021-06-29T10:16:06.256+0800,2021-06-29T10:41:06.256+0800,Android,,熊童子,True
2021-06-29T10:45:13.443+0800,2021-06-29T11:10:13.443+0800,Android,,熊童子,True
2021-06-29T11:34:55.949+0800,2021-06-29T11:59:55.949+0800,Android,,熊童子,True
2021-06-29T14:04:16.430+0800,2021-06-29T14:29:16.430+0800,Android,,熊童子,True
2021-06-29T14:33:15.623+0800,2021-06-29T14:58:15.623+0800,Android,,熊童子,True
2021-06-29T15:10:20.639+0800,2021-06-29T15:35:20.639+0800,Android,,熊童子,True
2021-06-29T15:38:00.098+0800,2021-06-29T16:03:00.098+0800,Android,,熊童子,True
2021-06-29T16:17:28.967+0800,2021-06-29T16:42:28.967+0800,Android,,熊童子,True
2021-06-30T08:59:52.428+0800,2021-06-30T09:24:52.428+0800,Leetcode,,熊童子,True
2021-06-30T09:34:18.299+0800,2021-06-30T09:59:18.299+0800,Leetcode,,熊童子,True
2021-06-30T10:01:33.650+0800,2021-06-30T10:26:33.650+0800,Leetcode,,熊童子,True
2021-06-30T10:34:20.724+0800,2021-06-30T10:59:20.724+0800,工作,,熊童子,True
2021-06-30T11:06:33.974+0800,2021-06-30T11:31:33.974+0800,工作,,熊童子,True
2021-06-30T14:06:58.934+0800,2021-06-30T14:31:58.934+0800,工作,,熊童子,True
2021-06-30T14:37:10.232+0800,2021-06-30T15:02:10.232+0800,工作,,熊童子,True
2021-06-30T15:22:09.483+0800,2021-06-30T15:47:09.483+0800,工作,,熊童子,True
2021-06-30T17:11:51.782+0800,2021-06-30T17:36:51.782+0800,工作,,熊童子,True
2021-07-01T09:05:20.317+0800,2021-07-01T09:30:20.317+0800,Leetcode,,熊童子,True
2021-07-01T09:33:19.470+0800,2021-07-01T09:58:19.470+0800,Leetcode,,熊童子,True
2021-07-01T09:59:59.726+0800,2021-07-01T10:24:59.726+0800,Android,,熊童子,True
2021-07-01T10:40:45.347+0800,2021-07-01T11:05:45.347+0800,Android,,熊童子,True
2021-07-01T11:30:39.427+0800,2021-07-01T11:55:39.427+0800,工作,,熊童子,True
2021-07-01T14:10:35.947+0800,2021-07-01T14:35:35.947+0800,工作,,熊童子,True
2021-07-01T14:35:46.295+0800,2021-07-01T15:00:46.295+0800,工作,,熊童子,True
2021-07-01T15:04:00.690+0800,2021-07-01T15:29:00.690+0800,工作,,熊童子,True
2021-07-01T15:31:54.224+0800,2021-07-01T15:56:54.224+0800,工作,,熊童子,True
2021-07-01T16:03:26.063+0800,2021-07-01T16:28:26.063+0800,工作,,熊童子,True
2021-07-02T08:53:09.954+0800,2021-07-02T09:18:09.954+0800,Leetcode,,熊童子,True
2021-07-02T09:22:17.919+0800,2021-07-02T09:47:17.919+0800,Leetcode,,熊童子,True
2021-07-02T09:51:29.907+0800,2021-07-02T10:16:29.907+0800,工作,,熊童子,True
2021-07-02T11:09:16.721+0800,2021-07-02T11:34:16.721+0800,工作,,熊童子,True
2021-07-02T11:34:22.196+0800,2021-07-02T11:59:22.196+0800,工作,,熊童子,True
2021-07-02T15:33:04.090+0800,2021-07-02T15:58:04.090+0800,工作,,熊童子,True
2021-07-02T16:07:40.824+0800,2021-07-02T16:32:40.824+0800,工作,,熊童子,True
2021-07-02T16:59:15.676+0800,2021-07-02T17:24:15.676+0800,工作,,熊童子,True
2021-07-02T17:26:37.851+0800,2021-07-02T17:51:37.851+0800,工作,,熊童子,True
2021-07-02T17:52:36.276+0800,2021-07-02T18:17:36.276+0800,工作,,熊童子,True
2021-07-02T19:43:17.618+0800,2021-07-02T20:08:17.618+0800,Leetcode,,熊童子,True
2021-07-03T15:00:00.168+0800,2021-07-03T15:25:00.168+0800,计算机网络原理,,熊童子,True
2021-07-03T15:29:57.722+0800,2021-07-03T15:54:57.722+0800,计算机网络原理,,熊童子,True
2021-07-03T15:59:15.522+0800,2021-07-03T16:24:15.522+0800,计算机网络原理,,熊童子,True
2021-07-03T16:36:21.552+0800,2021-07-03T17:01:21.552+0800,计算机网络原理,,熊童子,True
2021-07-03T17:22:53.045+0800,2021-07-03T17:47:53.045+0800,计算机网络原理,,熊童子,True
2021-07-04T15:34:55.981+0800,2021-07-04T15:59:55.981+0800,计算机网络原理,,熊童子,True
2021-07-04T16:04:24.554+0800,2021-07-04T16:29:24.554+0800,计算机网络原理,,熊童子,True
2021-07-04T16:29:45.878+0800,2021-07-04T16:54:45.878+0800,计算机网络原理,,熊童子,True
2021-07-04T17:01:08.184+0800,2021-07-04T17:26:08.184+0800,计算机网络原理,,熊童子,True
2021-07-04T17:36:17.774+0800,2021-07-04T18:01:17.774+0800,计算机网络原理,,熊童子,True
2021-07-04T18:30:46.101+0800,2021-07-04T18:55:46.101+0800,计算机网络原理,,熊童子,True
2021-07-05T11:12:27.942+0800,2021-07-05T11:37:27.942+0800,工作,,熊童子,True
2021-07-05T14:14:45.635+0800,2021-07-05T14:39:45.635+0800,工作,,熊童子,True
2021-07-05T14:44:59.841+0800,2021-07-05T15:09:59.841+0800,工作,,熊童子,True
2021-07-05T15:35:57.399+0800,2021-07-05T16:00:57.399+0800,工作,,熊童子,True
2021-07-05T16:02:29.336+0800,2021-07-05T16:27:29.336+0800,工作,,熊童子,True
2021-07-05T16:48:27.294+0800,2021-07-05T17:13:27.294+0800,工作,,熊童子,True
2021-07-05T19:08:03.672+0800,2021-07-05T19:33:03.672+0800,工作,,熊童子,True
2021-07-05T19:50:49.528+0800,2021-07-05T20:15:49.528+0800,工作,,熊童子,True
2021-07-06T10:22:51.710+0800,2021-07-06T10:47:51.710+0800,Java基础,,熊童子,True
2021-07-06T10:52:23.173+0800,2021-07-06T11:17:23.173+0800,Java基础,,熊童子,True
2021-07-06T11:23:54.418+0800,2021-07-06T11:48:54.418+0800,Java基础,,熊童子,True
2021-07-07T08:54:42.227+0800,2021-07-07T09:19:42.227+0800,Leetcode,,熊童子,True
2021-07-07T09:35:07.633+0800,2021-07-07T10:00:07.633+0800,Leetcode,,熊童子,True
2021-07-07T10:12:40.805+0800,2021-07-07T10:37:40.805+0800,Java基础,,熊童子,True
2021-07-07T10:40:28.064+0800,2021-07-07T11:05:28.064+0800,Java基础,,熊童子,True
2021-07-07T11:11:14.753+0800,2021-07-07T11:36:14.753+0800,Java基础,,熊童子,True
2021-07-07T11:36:32.743+0800,2021-07-07T12:01:32.743+0800,Java基础,,熊童子,True
2021-07-07T14:04:53.657+0800,2021-07-07T14:29:53.657+0800,Java基础,,熊童子,True
2021-07-07T14:58:05.234+0800,2021-07-07T15:23:05.234+0800,工作,,熊童子,True
2021-07-07T15:33:29.217+0800,2021-07-07T15:58:29.217+0800,工作,,熊童子,True
2021-07-07T15:59:28.005+0800,2021-07-07T16:24:28.005+0800,工作,,熊童子,True
2021-07-07T16:30:27.597+0800,2021-07-07T16:55:27.597+0800,工作,,熊童子,True
2021-07-07T17:00:28.310+0800,2021-07-07T17:25:28.310+0800,工作,,熊童子,True
2021-07-07T17:33:51.483+0800,2021-07-07T17:58:51.483+0800,工作,,熊童子,True
2021-07-07T18:11:42.543+0800,2021-07-07T18:36:42.543+0800,工作,,熊童子,True
2021-07-07T18:38:33.081+0800,2021-07-07T19:03:33.081+0800,工作,,熊童子,True
2021-07-07T19:26:15.551+0800,2021-07-07T19:51:15.551+0800,工作,,熊童子,True
2021-07-07T20:07:19.615+0800,2021-07-07T20:32:19.615+0800,工作,,熊童子,True
2021-07-07T20:35:44.221+0800,2021-07-07T21:00:44.221+0800,工作,,熊童子,True
2021-07-08T09:19:55.071+0800,2021-07-08T09:44:55.071+0800,Leetcode,,熊童子,True
2021-07-08T09:45:05.141+0800,2021-07-08T10:10:05.141+0800,Leetcode,,熊童子,True
2021-07-08T10:12:18.999+0800,2021-07-08T10:37:18.999+0800,Java基础,,熊童子,True
2021-07-08T10:40:19.697+0800,2021-07-08T11:05:19.697+0800,Java基础,,熊童子,True
2021-07-08T11:05:54.529+0800,2021-07-08T11:30:54.529+0800,工作,,熊童子,True
2021-07-08T11:33:53.897+0800,2021-07-08T11:58:53.897+0800,工作,,熊童子,True
2021-07-08T14:34:35.110+0800,2021-07-08T14:59:35.110+0800,工作,,熊童子,True
2021-07-08T15:09:45.324+0800,2021-07-08T15:34:45.324+0800,工作,,熊童子,True
2021-07-09T08:59:19.317+0800,2021-07-09T09:24:19.317+0800,Leetcode,,熊童子,True
2021-07-09T09:24:32.428+0800,2021-07-09T09:49:32.428+0800,Leetcode,,熊童子,True
2021-07-09T09:51:36.362+0800,2021-07-09T10:16:36.362+0800,Leetcode,,熊童子,True
2021-07-09T15:03:13.953+0800,2021-07-09T15:28:13.953+0800,工作,,熊童子,True
2021-07-09T15:31:35.643+0800,2021-07-09T15:56:35.643+0800,工作,,熊童子,True
2021-07-09T16:03:22.157+0800,2021-07-09T16:28:22.157+0800,工作,,熊童子,True
2021-07-12T10:00:42.483+0800,2021-07-12T10:25:42.483+0800,Android,,熊童子,True
2021-07-12T10:38:31.245+0800,2021-07-12T11:03:31.245+0800,Android,,熊童子,True
2021-07-12T11:36:00.045+0800,2021-07-12T12:01:00.045+0800,Android,,熊童子,True
2021-07-12T19:19:11.230+0800,2021-07-12T19:44:11.230+0800,Leetcode,,熊童子,True
2021-07-13T09:00:46.176+0800,2021-07-13T09:25:46.176+0800,Leetcode,,熊童子,True
2021-07-13T09:28:12.355+0800,2021-07-13T09:53:12.355+0800,Leetcode,,熊童子,True
2021-07-13T10:05:03.582+0800,2021-07-13T10:30:03.582+0800,Leetcode,,熊童子,True
2021-07-13T10:31:12.170+0800,2021-07-13T10:56:12.170+0800,工作,,熊童子,True
2021-07-13T10:58:43.585+0800,2021-07-13T11:23:43.585+0800,工作,,熊童子,True
2021-07-13T11:29:57.821+0800,2021-07-13T11:54:57.821+0800,工作,,熊童子,True
2021-07-13T14:09:37.280+0800,2021-07-13T14:34:37.280+0800,工作,,熊童子,True
2021-07-13T14:36:39.652+0800,2021-07-13T15:01:39.652+0800,工作,,熊童子,True
2021-07-13T15:03:58.915+0800,2021-07-13T15:28:58.915+0800,工作,,熊童子,True
2021-07-13T15:39:02.194+0800,2021-07-13T16:04:02.194+0800,工作,,熊童子,True
2021-07-13T16:05:22.617+0800,2021-07-13T16:30:22.617+0800,工作,,熊童子,True
2021-07-13T16:36:25.260+0800,2021-07-13T17:01:25.260+0800,工作,,熊童子,True
2021-07-13T17:05:01.841+0800,2021-07-13T17:30:01.841+0800,工作,,熊童子,True
2021-07-13T17:30:09.544+0800,2021-07-13T17:55:09.544+0800,工作,,熊童子,True
2021-07-13T18:23:03.393+0800,2021-07-13T18:48:03.393+0800,工作,,熊童子,True
2021-07-13T19:41:26.694+0800,2021-07-13T20:06:26.694+0800,工作,,熊童子,True
2021-07-13T20:07:17.097+0800,2021-07-13T20:32:17.097+0800,工作,,熊童子,True
2021-07-13T20:33:16.019+0800,2021-07-13T20:58:16.019+0800,工作,,熊童子,True
2021-07-14T08:34:32.426+0800,2021-07-14T08:59:32.426+0800,工作,,熊童子,True
2021-07-14T09:18:08.446+0800,2021-07-14T09:43:08.446+0800,工作,,熊童子,True
2021-07-14T09:49:35.597+0800,2021-07-14T10:14:35.597+0800,工作,,熊童子,True
2021-07-14T10:22:03.858+0800,2021-07-14T10:47:03.858+0800,工作,,熊童子,True
2021-07-14T10:58:38.422+0800,2021-07-14T11:23:38.422+0800,工作,,熊童子,True
2021-07-14T11:28:32.610+0800,2021-07-14T11:53:32.610+0800,工作,,熊童子,True
2021-07-14T14:18:13.430+0800,2021-07-14T14:43:13.430+0800,Leetcode,,熊童子,True
2021-07-14T14:43:38.125+0800,2021-07-14T15:08:38.125+0800,Leetcode,,熊童子,True
2021-07-14T15:22:11.636+0800,2021-07-14T15:47:11.636+0800,工作,,熊童子,True
2021-07-14T16:03:51.236+0800,2021-07-14T16:28:51.236+0800,工作,,熊童子,True
2021-07-16T08:55:49.765+0800,2021-07-16T09:20:49.765+0800,Leetcode,,熊童子,True
2021-07-16T09:28:14.418+0800,2021-07-16T09:53:14.418+0800,Leetcode,,熊童子,True
2021-07-16T10:05:20.783+0800,2021-07-16T10:30:20.783+0800,折腾,,熊童子,True
2021-07-16T10:41:52.852+0800,2021-07-16T11:06:52.852+0800,折腾,,熊童子,True
2021-07-16T11:13:22.788+0800,2021-07-16T11:38:22.788+0800,Flutter,,熊童子,True
2021-07-16T11:40:33.201+0800,2021-07-16T12:05:33.201+0800,Flutter,,熊童子,True
2021-07-16T14:21:02.062+0800,2021-07-16T14:46:02.062+0800,Flutter,,熊童子,True
2021-07-16T15:14:14.779+0800,2021-07-16T15:39:14.779+0800,Flutter,,熊童子,True
2021-07-16T15:48:40.279+0800,2021-07-16T16:13:40.279+0800,Flutter,,熊童子,True
2021-07-16T16:15:04.358+0800,2021-07-16T16:40:04.358+0800,马原,,熊童子,True
2021-07-16T16:46:36.662+0800,2021-07-16T17:11:36.662+0800,Flutter,,熊童子,True
2021-07-16T17:31:39.343+0800,2021-07-16T17:56:39.343+0800,Flutter,,熊童子,True
2021-07-17T16:00:31.187+0800,2021-07-17T16:25:31.187+0800,计算机网络管理,,熊童子,True
2021-07-17T16:30:10.639+0800,2021-07-17T16:55:10.639+0800,计算机网络管理,,熊童子,True
2021-07-19T09:08:42.309+0800,2021-07-19T09:33:42.309+0800,计算机网络管理,,熊童子,True
2021-07-19T09:47:42.137+0800,2021-07-19T10:12:42.137+0800,Leetcode,,熊童子,True
2021-07-19T10:23:30.559+0800,2021-07-19T10:48:30.559+0800,Java基础,,熊童子,True
2021-07-19T10:57:48.412+0800,2021-07-19T11:22:48.412+0800,Java基础,,熊童子,True
2021-07-19T11:23:55.265+0800,2021-07-19T11:48:55.265+0800,Java基础,,熊童子,True
2021-07-19T14:04:49.884+0800,2021-07-19T14:29:49.884+0800,Java基础,,熊童子,True
2021-07-19T14:44:04.248+0800,2021-07-19T15:09:04.248+0800,Java基础,,熊童子,True
2021-07-19T15:12:03.256+0800,2021-07-19T15:37:03.256+0800,Java基础,,熊童子,True
2021-07-19T15:43:50.606+0800,2021-07-19T16:08:50.606+0800,Java基础,,熊童子,True
2021-07-19T16:30:41.363+0800,2021-07-19T16:55:41.363+0800,Java基础,,熊童子,True
2021-07-19T16:56:04.632+0800,2021-07-19T17:21:04.632+0800,Java基础,,熊童子,True
2021-07-19T17:21:32.946+0800,2021-07-19T17:46:32.946+0800,工作,,熊童子,True
2021-07-19T19:26:44.567+0800,2021-07-19T19:51:44.567+0800,工作,,熊童子,True
2021-07-19T20:05:59.388+0800,2021-07-19T20:30:59.388+0800,Java基础,,熊童子,True
2021-07-19T20:31:09.446+0800,2021-07-19T20:56:09.446+0800,Java基础,,熊童子,True
2021-07-20T08:38:29.169+0800,2021-07-20T09:03:29.169+0800,计算机网络管理,,熊童子,True
2021-07-20T09:04:05.847+0800,2021-07-20T09:29:05.847+0800,计算机网络管理,,熊童子,True
2021-07-20T10:05:27.883+0800,2021-07-20T10:30:27.883+0800,Leetcode,,熊童子,True
2021-07-20T10:33:02.052+0800,2021-07-20T10:58:02.052+0800,工作,,熊童子,True
2021-07-20T11:08:41.514+0800,2021-07-20T11:33:41.514+0800,工作,,熊童子,True
2021-07-20T11:36:30.323+0800,2021-07-20T12:01:30.323+0800,工作,,熊童子,True
2021-07-20T14:09:13.180+0800,2021-07-20T14:34:13.180+0800,工作,,熊童子,True
2021-07-20T14:39:34.976+0800,2021-07-20T15:04:34.976+0800,工作,,熊童子,True
2021-07-20T15:15:36.513+0800,2021-07-20T15:40:36.513+0800,工作,,熊童子,True
2021-07-20T15:41:55.229+0800,2021-07-20T16:06:55.229+0800,工作,,熊童子,True
2021-07-20T16:14:29.400+0800,2021-07-20T16:39:29.400+0800,工作,,熊童子,True
2021-07-20T17:09:39.294+0800,2021-07-20T17:34:39.294+0800,工作,,熊童子,True
2021-07-20T17:36:02.945+0800,2021-07-20T18:01:02.945+0800,工作,,熊童子,True
2021-07-21T14:06:24.549+0800,2021-07-21T14:31:24.549+0800,工作,,熊童子,True
2021-07-21T15:10:59.041+0800,2021-07-21T15:35:59.041+0800,Android,,熊童子,True
2021-07-21T15:48:26.977+0800,2021-07-21T16:13:26.977+0800,Android,,熊童子,True
2021-07-21T16:33:37.650+0800,2021-07-21T16:58:37.650+0800,Android,,熊童子,True
2021-07-21T17:01:05.279+0800,2021-07-21T17:26:05.279+0800,Android,,熊童子,True
2021-07-21T17:35:16.038+0800,2021-07-21T18:00:16.038+0800,工作,,熊童子,True
2021-07-21T18:04:52.993+0800,2021-07-21T18:29:52.993+0800,工作,,熊童子,True
2021-07-21T19:20:08.680+0800,2021-07-21T19:45:08.680+0800,工作,,熊童子,True
2021-07-21T19:47:40.442+0800,2021-07-21T20:12:40.442+0800,工作,,熊童子,True
2021-07-22T10:08:06.475+0800,2021-07-22T10:33:06.475+0800,Android,,熊童子,True
2021-07-22T17:45:09.973+0800,2021-07-22T18:10:09.973+0800,工作,,熊童子,True
2021-07-23T10:08:38.167+0800,2021-07-23T10:33:38.167+0800,工作,,熊童子,True
2021-07-23T10:39:27.072+0800,2021-07-23T11:04:27.072+0800,工作,,熊童子,True
2021-07-23T11:05:26.978+0800,2021-07-23T11:30:26.978+0800,工作,,熊童子,True
2021-07-23T11:27:14.697+0800,2021-07-23T11:52:14.697+0800,工作,,熊童子,True
2021-07-23T14:07:38.256+0800,2021-07-23T14:32:38.256+0800,工作,,熊童子,True
2021-07-23T14:44:09.358+0800,2021-07-23T15:09:09.358+0800,工作,,熊童子,True
2021-07-23T15:09:41.193+0800,2021-07-23T15:34:41.193+0800,工作,,熊童子,True
2021-07-23T15:42:29.575+0800,2021-07-23T16:07:29.575+0800,工作,,熊童子,True
2021-07-23T16:12:10.046+0800,2021-07-23T16:37:10.046+0800,工作,,熊童子,True
2021-07-23T16:37:40.090+0800,2021-07-23T17:02:40.090+0800,工作,,熊童子,True
2021-07-24T16:27:14.711+0800,2021-07-24T16:52:14.711+0800,工作,,熊童子,True
2021-07-24T17:01:34.625+0800,2021-07-24T17:26:34.625+0800,马原,,熊童子,True
2021-07-24T17:36:25.168+0800,2021-07-24T18:01:25.168+0800,马原,,熊童子,True
2021-07-24T18:02:42.790+0800,2021-07-24T18:27:42.790+0800,马原,,熊童子,True
2021-07-24T18:33:36.880+0800,2021-07-24T18:58:36.880+0800,马原,,熊童子,True
2021-07-25T09:47:49.902+0800,2021-07-25T10:12:49.902+0800,马原,,熊童子,True
2021-07-25T10:14:40.460+0800,2021-07-25T10:39:40.460+0800,马原,,熊童子,True
2021-07-25T11:13:18.875+0800,2021-07-25T11:38:18.875+0800,马原,,熊童子,True
2021-07-25T11:46:12.947+0800,2021-07-25T12:11:12.947+0800,马原,,熊童子,True
2021-07-25T14:37:58.217+0800,2021-07-25T15:02:58.217+0800,马原,,熊童子,True
2021-07-25T15:05:22.210+0800,2021-07-25T15:30:22.210+0800,马原,,熊童子,True
2021-07-26T09:06:44.234+0800,2021-07-26T09:31:44.234+0800,马原,,熊童子,True
2021-07-26T09:32:20.623+0800,2021-07-26T09:57:20.623+0800,马原,,熊童子,True
2021-07-26T11:00:12.895+0800,2021-07-26T11:25:12.895+0800,Leetcode,,熊童子,True
2021-07-26T11:39:54.921+0800,2021-07-26T12:04:54.921+0800,Leetcode,,熊童子,True
2021-07-26T14:06:04.274+0800,2021-07-26T14:31:04.274+0800,Android,,熊童子,True
2021-07-26T14:39:18.174+0800,2021-07-26T15:04:18.174+0800,Android,,熊童子,True
2021-07-26T15:22:02.654+0800,2021-07-26T15:47:02.654+0800,工作,,熊童子,True
2021-07-26T16:00:21.905+0800,2021-07-26T16:25:21.905+0800,工作,,熊童子,True
2021-07-26T16:40:23.194+0800,2021-07-26T17:05:23.194+0800,工作,,熊童子,True
2021-07-26T17:07:57.727+0800,2021-07-26T17:32:57.727+0800,工作,,熊童子,True
2021-07-26T19:17:14.164+0800,2021-07-26T19:42:14.164+0800,Android,,熊童子,True
2021-07-26T19:42:55.790+0800,2021-07-26T20:07:55.790+0800,Android,,熊童子,True
2021-07-27T08:49:42.378+0800,2021-07-27T09:14:42.378+0800,马原,,星星珊瑚,True
2021-07-27T09:24:21.428+0800,2021-07-27T09:49:21.428+0800,马原,,星星珊瑚,True
2021-07-27T10:07:16.216+0800,2021-07-27T10:32:16.216+0800,Android,,星星珊瑚,True
2021-07-27T10:38:56.244+0800,2021-07-27T11:03:56.244+0800,Android,,星星珊瑚,True
2021-07-27T11:12:10.127+0800,2021-07-27T11:37:10.127+0800,Android,,星星珊瑚,True
2021-07-27T11:38:43.272+0800,2021-07-27T12:03:43.272+0800,Android,,星星珊瑚,True
2021-07-27T14:06:32.542+0800,2021-07-27T14:31:32.542+0800,工作,,星星珊瑚,True
2021-07-27T14:37:57.727+0800,2021-07-27T15:02:57.727+0800,工作,,星星珊瑚,True
2021-07-27T15:06:45.295+0800,2021-07-27T15:31:45.295+0800,工作,,星星珊瑚,True
2021-07-28T08:44:04.915+0800,2021-07-28T09:09:04.915+0800,马原,,星星珊瑚,True
2021-07-28T09:19:13.040+0800,2021-07-28T09:44:13.040+0800,马原,,星星珊瑚,True
2021-07-29T08:58:29.885+0800,2021-07-29T09:23:29.885+0800,马原,,星星珊瑚,True
2021-07-29T09:25:45.301+0800,2021-07-29T09:50:45.301+0800,马原,,星星珊瑚,True
2021-07-29T10:33:45.969+0800,2021-07-29T10:58:45.969+0800,Android,,星星珊瑚,True
2021-07-29T10:59:14.085+0800,2021-07-29T11:24:14.085+0800,Android,,星星珊瑚,True
2021-07-29T11:32:46.856+0800,2021-07-29T11:57:46.856+0800,Android,,星星珊瑚,True
2021-07-29T14:59:52.078+0800,2021-07-29T15:24:52.078+0800,Android,,星星珊瑚,True
2021-07-29T15:25:12.540+0800,2021-07-29T15:50:12.540+0800,Android,,星星珊瑚,True
2021-07-29T16:36:14.491+0800,2021-07-29T17:01:14.491+0800,Android,,星星珊瑚,True
2021-08-02T10:01:55.502+0800,2021-08-02T10:26:55.502+0800,Leetcode,,星星珊瑚,True
2021-08-02T11:09:27.690+0800,2021-08-02T11:34:27.690+0800,Android,,星星珊瑚,True
2021-08-02T11:34:35.661+0800,2021-08-02T11:59:35.661+0800,Android,,星星珊瑚,True
2021-08-02T14:06:07.747+0800,2021-08-02T14:31:07.747+0800,Android,,星星珊瑚,True
2021-08-02T14:35:56.766+0800,2021-08-02T15:00:56.766+0800,Android,,星星珊瑚,True
2021-08-02T15:08:54.188+0800,2021-08-02T15:33:54.188+0800,Android,,星星珊瑚,True
2021-08-02T15:36:25.671+0800,2021-08-02T16:01:25.671+0800,Android,,星星珊瑚,True
2021-08-02T16:07:11.271+0800,2021-08-02T16:32:11.271+0800,Android,,星星珊瑚,True
2021-08-02T17:21:01.538+0800,2021-08-02T17:46:01.538+0800,Android,,星星珊瑚,True
2021-08-03T08:50:04.075+0800,2021-08-03T09:15:04.075+0800,马原,,星星珊瑚,True
2021-08-03T09:17:47.113+0800,2021-08-03T09:42:47.113+0800,马原,,星星珊瑚,True
2021-08-03T10:30:06.798+0800,2021-08-03T10:55:06.798+0800,Leetcode,,星星珊瑚,True
2021-08-03T11:03:35.686+0800,2021-08-03T11:28:35.686+0800,Leetcode,,星星珊瑚,True
2021-08-03T11:30:26.763+0800,2021-08-03T11:55:26.763+0800,Android,,星星珊瑚,True
2021-08-03T14:08:52.581+0800,2021-08-03T14:33:52.581+0800,Android,,星星珊瑚,True
2021-08-03T14:44:19.675+0800,2021-08-03T15:09:19.675+0800,Android,,星星珊瑚,True
2021-08-03T15:11:11.925+0800,2021-08-03T15:36:11.925+0800,Android,,星星珊瑚,True
2021-08-03T16:00:03.757+0800,2021-08-03T16:25:03.757+0800,工作,,星星珊瑚,True
2021-08-03T16:28:08.298+0800,2021-08-03T16:53:08.298+0800,工作,,星星珊瑚,True
2021-08-03T17:20:06.129+0800,2021-08-03T17:45:06.129+0800,工作,,星星珊瑚,True
2021-08-04T09:05:30.615+0800,2021-08-04T09:30:30.615+0800,马原,,星星珊瑚,True
2021-08-04T09:30:37.216+0800,2021-08-04T09:55:37.216+0800,马原,,星星珊瑚,True
2021-08-04T10:34:43.780+0800,2021-08-04T10:59:43.780+0800,工作,,星星珊瑚,True
2021-08-04T11:06:29.429+0800,2021-08-04T11:31:29.429+0800,学习,,星星珊瑚,True
2021-08-04T11:33:29.472+0800,2021-08-04T11:58:29.472+0800,学习,,星星珊瑚,True
2021-08-04T14:09:02.955+0800,2021-08-04T14:34:02.955+0800,学习,,星星珊瑚,True
2021-08-04T14:42:23.403+0800,2021-08-04T15:07:23.403+0800,学习,,星星珊瑚,True
2021-08-04T15:14:05.986+0800,2021-08-04T15:39:05.986+0800,学习,,星星珊瑚,True
2021-08-04T15:55:23.896+0800,2021-08-04T16:20:23.896+0800,工作,,星星珊瑚,True
2021-08-04T16:28:32.388+0800,2021-08-04T16:53:32.388+0800,工作,,星星珊瑚,True
2021-08-05T09:03:49.771+0800,2021-08-05T09:28:49.771+0800,马原,,星星珊瑚,True
2021-08-05T09:30:06.439+0800,2021-08-05T09:55:06.439+0800,马原,,星星珊瑚,True
2021-08-05T10:03:53.384+0800,2021-08-05T10:28:53.384+0800,Android,,星星珊瑚,True
2021-08-05T10:32:00.658+0800,2021-08-05T10:57:00.658+0800,Android,,星星珊瑚,True
2021-08-05T11:03:57.391+0800,2021-08-05T11:28:57.391+0800,Android,,星星珊瑚,True
2021-08-05T11:29:02.625+0800,2021-08-05T11:54:02.625+0800,Android,,星星珊瑚,True
2021-08-05T11:54:42.903+0800,2021-08-05T12:19:42.903+0800,Android,,星星珊瑚,True
2021-08-05T14:04:28.844+0800,2021-08-05T14:29:28.844+0800,Android,,星星珊瑚,True
2021-08-05T14:31:10.846+0800,2021-08-05T14:56:10.846+0800,Android,,星星珊瑚,True
2021-08-05T15:01:43.312+0800,2021-08-05T15:26:43.312+0800,Android,,星星珊瑚,True
2021-08-05T15:33:24.190+0800,2021-08-05T15:58:24.190+0800,Android,,星星珊瑚,True
2021-08-05T16:01:39.650+0800,2021-08-05T16:26:39.650+0800,Android,,星星珊瑚,True
2021-08-05T19:21:11.961+0800,2021-08-05T19:46:11.961+0800,Android,,星星珊瑚,True
2021-08-06T09:02:19.373+0800,2021-08-06T09:27:19.373+0800,马原,,星星珊瑚,True
2021-08-06T09:31:58.166+0800,2021-08-06T09:56:58.166+0800,马原,,星星珊瑚,True
2021-08-08T12:13:47.330+0800,2021-08-08T12:38:47.330+0800,马原,,星星珊瑚,True
2021-08-08T12:39:04.423+0800,2021-08-08T13:04:04.423+0800,马原,,星星珊瑚,True
2021-08-08T13:12:28.413+0800,2021-08-08T13:37:28.413+0800,马原,,星星珊瑚,True
2021-08-10T14:57:31.193+0800,2021-08-10T15:22:31.193+0800,工作,,星星珊瑚,True
2021-08-10T15:26:08.184+0800,2021-08-10T15:51:08.184+0800,工作,,星星珊瑚,True
2021-08-10T16:06:06.591+0800,2021-08-10T16:31:06.591+0800,工作,,星星珊瑚,True
2021-08-10T16:33:10.327+0800,2021-08-10T16:58:10.327+0800,工作,,星星珊瑚,True
2021-08-11T08:51:00.042+0800,2021-08-11T09:16:00.042+0800,马原,,星星珊瑚,True
2021-08-11T09:26:20.237+0800,2021-08-11T09:51:20.237+0800,马原,,星星珊瑚,True
2021-08-11T10:06:07.495+0800,2021-08-11T10:31:07.495+0800,Android,,星星珊瑚,True
2021-08-11T10:40:33.050+0800,2021-08-11T11:05:33.050+0800,Android,,星星珊瑚,True
2021-08-11T11:07:53.041+0800,2021-08-11T11:32:53.041+0800,Android,,星星珊瑚,True
2021-08-12T15:45:30.316+0800,2021-08-12T16:10:30.316+0800,工作,,星星珊瑚,True
2021-08-15T10:23:09.810+0800,2021-08-15T10:48:09.810+0800,马原,,星星珊瑚,True
2021-08-15T10:48:16.156+0800,2021-08-15T11:13:16.156+0800,马原,,星星珊瑚,True
2021-08-15T11:14:32.174+0800,2021-08-15T11:39:32.174+0800,马原,,星星珊瑚,True
2021-08-16T08:09:40.836+0800,2021-08-16T08:34:40.836+0800,马原,,星星珊瑚,True
2021-08-16T08:34:49.511+0800,2021-08-16T08:59:49.511+0800,马原,,星星珊瑚,True
2021-08-16T09:00:16.697+0800,2021-08-16T09:25:16.697+0800,马原,,星星珊瑚,True
2021-08-16T10:12:12.423+0800,2021-08-16T10:37:12.423+0800,工作,,星星珊瑚,True
2021-08-17T08:56:16.366+0800,2021-08-17T09:21:16.366+0800,马原,,星星珊瑚,True
2021-08-17T09:22:15.304+0800,2021-08-17T09:47:15.304+0800,马原,,星星珊瑚,True
2021-08-17T09:56:51.871+0800,2021-08-17T10:21:51.871+0800,工作,,星星珊瑚,True
2021-08-17T10:34:29.735+0800,2021-08-17T10:59:29.735+0800,工作,,星星珊瑚,True
2021-08-17T11:12:34.003+0800,2021-08-17T11:37:34.003+0800,工作,,星星珊瑚,True
2021-08-17T11:39:55.257+0800,2021-08-17T12:04:55.257+0800,工作,,星星珊瑚,True
2021-08-17T14:07:57.263+0800,2021-08-17T14:32:57.263+0800,工作,,星星珊瑚,True
2021-08-17T14:41:03.827+0800,2021-08-17T15:06:03.827+0800,工作,,星星珊瑚,True
2021-08-17T15:11:16.186+0800,2021-08-17T15:36:16.186+0800,工作,,星星珊瑚,True
2021-08-17T15:48:45.101+0800,2021-08-17T16:13:45.101+0800,工作,,星星珊瑚,True
2021-08-17T16:26:04.905+0800,2021-08-17T16:51:04.905+0800,工作,,星星珊瑚,True
2021-08-17T17:09:51.218+0800,2021-08-17T17:34:51.218+0800,工作,,星星珊瑚,True
2021-08-18T10:41:22.904+0800,2021-08-18T11:06:22.904+0800,工作,,星星珊瑚,True
2021-08-18T14:33:10.309+0800,2021-08-18T14:58:10.309+0800,学习,,星星珊瑚,True
2021-08-23T11:03:48.410+0800,2021-08-23T11:28:48.410+0800,工作,,星星珊瑚,True
2021-08-25T14:34:15.595+0800,2021-08-25T14:59:15.595+0800,学习,,星星珊瑚,True
2021-08-25T15:05:23.176+0800,2021-08-25T15:30:23.176+0800,学习,,星星珊瑚,True
2021-08-27T10:20:51.301+0800,2021-08-27T10:45:51.301+0800,学习,,星星珊瑚,True
2021-08-27T10:58:01.186+0800,2021-08-27T11:23:01.186+0800,学习,,星星珊瑚,True
2021-08-27T14:14:53.466+0800,2021-08-27T14:39:53.466+0800,工作,,星星珊瑚,True
2021-08-27T15:09:06.594+0800,2021-08-27T15:34:06.594+0800,工作,,星星珊瑚,True
2021-08-31T10:10:14.027+0800,2021-08-31T10:35:14.027+0800,工作,,星星珊瑚,True
2021-08-31T10:41:18.378+0800,2021-08-31T11:06:18.378+0800,工作,,星星珊瑚,True
2021-08-31T11:19:24.965+0800,2021-08-31T11:44:24.965+0800,工作,,星星珊瑚,True
2021-09-01T14:04:16.860+0800,2021-09-01T14:29:16.860+0800,工作,,星星珊瑚,True
2021-09-01T14:34:54.154+0800,2021-09-01T14:59:54.154+0800,工作,,星星珊瑚,True
2021-09-01T15:00:30.877+0800,2021-09-01T15:25:30.877+0800,工作,,星星珊瑚,True
2021-09-01T15:28:08.127+0800,2021-09-01T15:53:08.127+0800,工作,,星星珊瑚,True
2021-09-01T16:33:15.626+0800,2021-09-01T16:58:15.626+0800,工作,,星星珊瑚,True
2021-09-01T16:58:25.871+0800,2021-09-01T17:23:25.871+0800,工作,,星星珊瑚,True
2021-09-01T17:24:35.175+0800,2021-09-01T17:49:35.175+0800,工作,,星星珊瑚,True
2021-09-01T17:57:57.908+0800,2021-09-01T18:22:57.908+0800,工作,,星星珊瑚,True
2021-09-06T10:31:51.300+0800,2021-09-06T10:56:51.300+0800,工作,,星星珊瑚,True
2021-09-06T11:00:14.421+0800,2021-09-06T11:25:14.421+0800,工作,,星星珊瑚,True
2021-09-06T11:29:11.993+0800,2021-09-06T11:54:11.993+0800,工作,,星星珊瑚,True
2021-09-06T14:06:08.505+0800,2021-09-06T14:31:08.505+0800,工作,,星星珊瑚,True
2021-09-06T14:39:01.680+0800,2021-09-06T15:04:01.680+0800,工作,,星星珊瑚,True
2021-09-06T15:26:26.136+0800,2021-09-06T15:51:26.136+0800,工作,,星星珊瑚,True
2021-09-06T15:53:13.562+0800,2021-09-06T16:18:13.562+0800,工作,,星星珊瑚,True
2021-09-06T16:30:38.980+0800,2021-09-06T16:55:38.980+0800,工作,,星星珊瑚,True
2021-09-06T16:59:50.768+0800,2021-09-06T17:24:50.768+0800,工作,,星星珊瑚,True
2021-09-06T18:12:53.815+0800,2021-09-06T18:37:53.815+0800,工作,,星星珊瑚,True
2021-09-07T10:33:54.128+0800,2021-09-07T10:58:54.128+0800,工作,,星星珊瑚,True
2021-09-07T11:27:12.406+0800,2021-09-07T11:52:12.406+0800,工作,,星星珊瑚,True
2021-09-07T14:10:15.024+0800,2021-09-07T14:35:15.024+0800,工作,,星星珊瑚,True
2021-09-07T14:43:56.092+0800,2021-09-07T15:08:56.092+0800,工作,,星星珊瑚,True
2021-09-07T17:30:56.386+0800,2021-09-07T17:55:56.386+0800,工作,,星星珊瑚,True
2021-09-08T14:12:37.902+0800,2021-09-08T14:37:37.902+0800,工作,,星星珊瑚,True
2021-09-08T14:40:10.252+0800,2021-09-08T15:05:10.252+0800,工作,,星星珊瑚,True
2021-09-08T15:09:33.435+0800,2021-09-08T15:34:33.435+0800,工作,,星星珊瑚,True
2021-09-08T15:44:33.285+0800,2021-09-08T16:09:33.285+0800,工作,,星星珊瑚,True
2021-09-08T16:14:53.318+0800,2021-09-08T16:39:53.318+0800,工作,,星星珊瑚,True
2021-09-08T16:46:44.513+0800,2021-09-08T17:11:44.513+0800,工作,,星星珊瑚,True
2021-09-09T10:30:32.191+0800,2021-09-09T10:55:32.191+0800,工作,,星星珊瑚,True
2021-09-09T11:04:01.462+0800,2021-09-09T11:29:01.462+0800,工作,,星星珊瑚,True
2021-09-09T11:32:25.760+0800,2021-09-09T11:57:25.760+0800,工作,,星星珊瑚,True
2021-09-09T14:18:22.526+0800,2021-09-09T14:43:22.526+0800,工作,,星星珊瑚,True
2021-09-09T15:28:40.012+0800,2021-09-09T15:53:40.012+0800,学习,,星星珊瑚,True
2021-09-10T16:50:48.999+0800,2021-09-10T17:15:48.999+0800,学习,,星星珊瑚,True
2021-09-10T20:05:38.452+0800,2021-09-10T20:30:38.452+0800,《Effective Java》,,星星珊瑚,True
2021-09-11T13:24:09.126+0800,2021-09-11T13:49:09.126+0800,计算机网络管理,,星星珊瑚,True
2021-09-11T13:59:49.931+0800,2021-09-11T14:24:49.931+0800,计算机网络管理,,星星珊瑚,True
2021-09-11T15:48:01.598+0800,2021-09-11T16:13:01.598+0800,计算机网络管理,,星星珊瑚,True
2021-09-11T16:18:03.668+0800,2021-09-11T16:43:03.668+0800,计算机网络管理,,星星珊瑚,True
2021-09-11T16:51:43.655+0800,2021-09-11T17:16:43.655+0800,计算机网络管理,,星星珊瑚,True
2021-09-11T17:17:28.383+0800,2021-09-11T17:42:28.383+0800,计算机网络管理,,星星珊瑚,True
2021-09-11T17:48:28.840+0800,2021-09-11T18:13:28.840+0800,计算机网络管理,,星星珊瑚,True
2021-09-11T18:18:10.409+0800,2021-09-11T18:43:10.409+0800,计算机网络管理,,星星珊瑚,True
2021-09-11T18:58:26.770+0800,2021-09-11T19:23:26.770+0800,计算机网络管理,,星星珊瑚,True
2021-09-11T19:25:34.573+0800,2021-09-11T19:50:34.573+0800,计算机网络管理,,星星珊瑚,True
2021-09-12T17:08:19.403+0800,2021-09-12T17:33:19.403+0800,计算机网络管理,,星星珊瑚,True
2021-09-13T10:58:33.194+0800,2021-09-13T11:23:33.194+0800,工作,,星星珊瑚,True
2021-09-13T11:34:20.180+0800,2021-09-13T11:59:20.180+0800,工作,,星星珊瑚,True
2021-09-13T15:05:12.997+0800,2021-09-13T15:30:12.997+0800,工作,,星星珊瑚,True
2021-09-13T15:57:14.573+0800,2021-09-13T16:22:14.573+0800,《Effective Java》,,星星珊瑚,True
2021-09-13T17:02:22.145+0800,2021-09-13T17:27:22.145+0800,《Effective Java》,,星星珊瑚,True
2021-09-13T19:53:57.496+0800,2021-09-13T20:18:57.496+0800,工作,,星星珊瑚,True
2021-09-14T10:35:48.040+0800,2021-09-14T11:00:48.040+0800,工作,,星星珊瑚,True
2021-09-15T14:15:10.474+0800,2021-09-15T14:40:10.474+0800,工作,,星星珊瑚,True
2021-09-17T10:36:15.451+0800,2021-09-17T11:01:15.451+0800,Kotlin Flow,,星星珊瑚,True
2021-09-17T11:06:49.904+0800,2021-09-17T11:31:49.904+0800,Kotlin Flow,,星星珊瑚,True
2021-09-17T14:05:23.095+0800,2021-09-17T14:30:23.095+0800,Kotlin Flow,,星星珊瑚,True
2021-09-17T14:38:33.220+0800,2021-09-17T15:03:33.220+0800,Paging3,,熊童子,True
2021-09-17T15:27:34.460+0800,2021-09-17T15:52:34.460+0800,Paging3,,熊童子,True
2021-09-22T10:33:10.826+0800,2021-09-22T10:58:10.826+0800,工作,,熊童子,True
2021-09-22T11:10:13.509+0800,2021-09-22T11:35:13.509+0800,工作,,熊童子,True
2021-09-22T14:13:31.265+0800,2021-09-22T14:38:31.265+0800,工作,,熊童子,True
2021-09-22T14:41:41.044+0800,2021-09-22T15:06:41.044+0800,工作,,熊童子,True
2021-09-23T14:33:09.137+0800,2021-09-23T14:58:09.137+0800,工作,,熊童子,True
2021-09-23T15:02:54.546+0800,2021-09-23T15:27:54.546+0800,工作,,熊童子,True
2021-09-23T15:28:02.179+0800,2021-09-23T15:53:02.179+0800,工作,,熊童子,True
2021-09-24T14:05:01.947+0800,2021-09-24T14:30:01.947+0800,工作,,熊童子,True
2021-09-24T14:43:05.387+0800,2021-09-24T15:08:05.387+0800,工作,,熊童子,True
2021-09-24T15:19:20.706+0800,2021-09-24T15:44:20.706+0800,工作,,熊童子,True
2021-09-29T14:11:41.595+0800,2021-09-29T14:36:41.595+0800,工作,,熊童子,True
2021-09-29T14:50:34.689+0800,2021-09-29T15:15:34.689+0800,工作,,熊童子,True
2021-09-29T15:36:50.093+0800,2021-09-29T16:01:50.093+0800,工作,,熊童子,True
2021-09-29T16:10:51.947+0800,2021-09-29T16:35:51.947+0800,工作,,熊童子,True
2021-09-29T19:37:27.085+0800,2021-09-29T20:02:27.085+0800,工作,,熊童子,True
2021-10-03T16:21:06.880+0800,2021-10-03T16:46:06.880+0800,计算机网络管理,,熊童子,True
2021-10-04T10:33:33.881+0800,2021-10-04T10:58:33.881+0800,计算机网络管理,,熊童子,True
2021-10-04T11:02:31.669+0800,2021-10-04T11:27:31.669+0800,计算机网络管理,,熊童子,True
2021-10-04T11:36:51.928+0800,2021-10-04T12:01:51.928+0800,计算机网络管理,,熊童子,True
2021-10-04T16:11:44.216+0800,2021-10-04T16:36:44.216+0800,计算机网络管理,,熊童子,True
2021-10-04T16:52:44.766+0800,2021-10-04T17:17:44.766+0800,计算机网络管理,,熊童子,True
2021-10-04T17:23:45.690+0800,2021-10-04T17:48:45.690+0800,计算机网络管理,,熊童子,True
2021-10-05T16:12:29.296+0800,2021-10-05T16:37:29.296+0800,计算机网络管理,,熊童子,True
2021-10-05T16:40:19.839+0800,2021-10-05T17:05:19.839+0800,计算机网络管理,,熊童子,True
2021-10-05T17:15:20.608+0800,2021-10-05T17:40:20.608+0800,计算机网络管理,,熊童子,True
2021-10-06T15:50:30.065+0800,2021-10-06T16:15:30.065+0800,计算机网络管理,,熊童子,True
2021-10-06T16:19:38.898+0800,2021-10-06T16:44:38.898+0800,计算机网络管理,,熊童子,True
2021-10-06T16:47:35.225+0800,2021-10-06T17:12:35.225+0800,计算机网络管理,,熊童子,True
2021-10-08T16:09:12.403+0800,2021-10-08T16:34:12.403+0800,计算机网络管理,,熊童子,True
2021-10-08T16:43:49.576+0800,2021-10-08T17:08:49.576+0800,计算机网络管理,,熊童子,True
2021-10-08T20:04:59.792+0800,2021-10-08T20:29:59.792+0800,计算机网络管理,,熊童子,True
2021-10-09T14:28:03.268+0800,2021-10-09T14:53:03.268+0800,工作,,熊童子,True
2021-10-09T14:57:22.158+0800,2021-10-09T15:22:22.158+0800,工作,,熊童子,True
2021-10-10T11:42:15.806+0800,2021-10-10T12:07:15.806+0800,计算机网络管理,,熊童子,True
2021-10-11T11:11:18.901+0800,2021-10-11T11:36:18.901+0800,工作,,熊童子,True
2021-10-11T14:05:49.039+0800,2021-10-11T14:30:49.039+0800,工作,,熊童子,True
2021-10-11T14:36:48.347+0800,2021-10-11T15:01:48.347+0800,工作,,熊童子,True
2021-10-11T15:14:30.170+0800,2021-10-11T15:39:30.170+0800,工作,,熊童子,True
2021-10-11T15:39:34.721+0800,2021-10-11T16:04:34.721+0800,工作,,熊童子,True
2021-10-11T17:40:15.291+0800,2021-10-11T18:05:15.291+0800,工作,,熊童子,True
2021-10-12T10:08:37.237+0800,2021-10-12T10:33:37.237+0800,工作,,熊童子,True
2021-10-12T10:38:29.806+0800,2021-10-12T11:03:29.806+0800,工作,,熊童子,True
2021-10-12T11:05:37.978+0800,2021-10-12T11:30:37.978+0800,工作,,熊童子,True
2021-10-12T14:05:29.034+0800,2021-10-12T14:30:29.034+0800,工作,,熊童子,True
2021-10-13T19:35:04.764+0800,2021-10-13T20:00:04.764+0800,工作,,熊童子,True
2021-10-14T10:15:24.943+0800,2021-10-14T10:40:24.943+0800,工作,,熊童子,True
2021-10-14T10:43:30.866+0800,2021-10-14T11:08:30.866+0800,工作,,熊童子,True
2021-10-18T10:07:28.466+0800,2021-10-18T10:32:28.466+0800,工作,,熊童子,True
2021-10-18T10:34:13.141+0800,2021-10-18T10:59:13.141+0800,工作,,熊童子,True
2021-10-18T11:03:53.122+0800,2021-10-18T11:28:53.122+0800,工作,,熊童子,True
2021-10-18T14:20:09.595+0800,2021-10-18T14:45:09.595+0800,工作,,熊童子,True
2021-10-18T15:25:29.056+0800,2021-10-18T15:50:29.056+0800,工作,,熊童子,True
2021-10-19T09:21:47.540+0800,2021-10-19T09:46:47.540+0800,工作,,熊童子,True
2021-10-19T10:01:04.719+0800,2021-10-19T10:26:04.719+0800,工作,,熊童子,True
2021-10-19T10:34:13.626+0800,2021-10-19T10:59:13.626+0800,工作,,熊童子,True
2021-10-20T14:05:56.622+0800,2021-10-20T14:30:56.622+0800,工作,,熊童子,True
2021-10-20T14:35:22.187+0800,2021-10-20T15:00:22.187+0800,工作,,熊童子,True
2021-10-20T15:05:16.038+0800,2021-10-20T15:30:16.038+0800,工作,,熊童子,True
2021-10-20T15:49:16.241+0800,2021-10-20T16:14:16.241+0800,工作,,熊童子,True
2021-10-20T16:52:40.385+0800,2021-10-20T17:17:40.385+0800,工作,,熊童子,True
2021-10-21T10:09:45.941+0800,2021-10-21T10:34:45.941+0800,工作,,熊童子,True
2021-10-21T10:45:43.691+0800,2021-10-21T11:10:43.691+0800,工作,,熊童子,True
2021-10-21T14:36:17.693+0800,2021-10-21T15:01:17.693+0800,工作,,熊童子,True
2021-10-21T15:11:34.131+0800,2021-10-21T15:36:34.131+0800,工作,,熊童子,True
2021-10-24T13:46:03.033+0800,2021-10-24T14:11:03.033+0800,未设定,,雪松,True
2021-10-24T21:54:39.259+0800,2021-10-24T22:19:39.259+0800,洗澡,,雪松,True
2021-10-25T09:32:21.404+0800,2021-10-25T09:57:21.404+0800,学习,,雪松,True
2021-10-25T10:03:47.282+0800,2021-10-25T10:28:47.282+0800,学习,,雪松,True
2021-10-25T15:03:52.864+0800,2021-10-25T15:28:52.864+0800,工作,,雪松,True
2021-10-25T15:33:08.500+0800,2021-10-25T15:58:08.500+0800,工作,,雪松,True
2021-10-25T16:03:01.640+0800,2021-10-25T16:28:01.640+0800,工作,,雪松,True
2021-10-25T16:52:59.253+0800,2021-10-25T17:17:59.253+0800,工作,,雪松,True
2021-10-25T21:10:45.181+0800,2021-10-25T23:10:45.181+0800,工作,,雪松,True
2021-10-26T08:01:43.411+0800,2021-10-26T08:24:17.972+0800,洗漱,,雪松,True
2021-10-26T08:25:01.252+0800,2021-10-26T08:46:03.287+0800,吃早饭,,雪松,True
2021-10-26T08:46:33.956+0800,2021-10-26T09:46:51.186+0800,上班,,雪松,True
2021-10-26T09:51:22.705+0800,2021-10-26T10:19:57.906+0800,学习,Forest接口抓取,雪松,True
2021-10-26T10:25:10.753+0800,2021-10-26T10:55:54.070+0800,学习,Python解析csv,雪松,True
2021-10-26T10:57:22.092+0800,2021-10-26T11:34:35.171+0800,工作,修复开屏广告skip不显示的bug,雪松,True
2021-10-26T12:07:20.543+0800,2021-10-26T12:35:01.239+0800,吃午饭,,雪松,True
2021-10-26T12:35:04.902+0800,2021-10-26T13:07:14.634+0800,玩手机,,雪松,True
2021-10-26T13:07:29.098+0800,2021-10-26T14:07:09.536+0800,午休,,雪松,True
2021-10-26T14:07:47.036+0800,2021-10-26T14:50:38.976+0800,工作,topon广告提测,雪松,True
2021-10-26T14:52:34.626+0800,2021-10-26T16:16:49.034+0800,工作,topon混淆修改,雪松,True
2021-10-26T16:47:04.295+0800,2021-10-26T18:47:04.295+0800,工作,解决打包慢的问题,雪松,True
2021-10-26T18:48:17.658+0800,2021-10-26T19:41:56.839+0800,吃晚饭,,雪松,True
2021-10-26T19:50:06.718+0800,2021-10-26T20:37:47.005+0800,学习,看《Effective Java》,雪松,True
2021-10-26T20:38:09.635+0800,2021-10-26T21:56:03.171+0800,下班,,雪松,True
2021-10-27T07:11:18.736+0800,2021-10-27T07:38:33.480+0800,洗漱,,雪松,True
2021-10-27T07:39:06.935+0800,2021-10-27T07:57:55.367+0800,吃早饭,,雪松,True
2021-10-27T07:57:58.914+0800,2021-10-27T08:46:50.655+0800,上班,,雪松,True
2021-10-27T08:59:55.478+0800,2021-10-27T09:58:10.736+0800,学习,,雪松,True
2021-10-27T15:25:36.140+0800,2021-10-27T17:25:36.140+0800,学习,,雪松,True
2021-10-27T18:49:17.031+0800,2021-10-27T19:18:45.786+0800,吃晚饭,,雪松,True
2021-10-27T20:39:16.623+0800,2021-10-27T21:52:56.146+0800,下班,,雪松,True
2021-10-27T21:56:05.398+0800,2021-10-27T23:07:25.356+0800,洗漱,,雪松,True
2021-10-28T08:00:46.370+0800,2021-10-28T08:47:58.611+0800,上班,,雪松,True
2021-10-28T09:04:46.660+0800,2021-10-28T11:04:46.660+0800,学习,学习回溯算法,雪松,True
2021-10-28T12:04:45.409+0800,2021-10-28T12:48:45.889+0800,吃午饭,,雪松,True
2021-10-28T20:46:49.075+0800,2021-10-28T21:56:07.278+0800,下班,,雪松,True
2021-10-28T21:56:10.683+0800,2021-10-28T22:22:56.845+0800,洗漱,,雪松,True
2021-10-28T22:22:59.975+0800,2021-10-28T22:49:18.055+0800,洗漱,给媳妇按摩,雪松,True
2021-10-29T07:21:57.084+0800,2021-10-29T07:46:27.131+0800,洗漱,,雪松,True
2021-10-29T07:46:30.587+0800,2021-10-29T08:01:36.642+0800,吃早饭,,雪松,True
2021-10-29T08:01:39.747+0800,2021-10-29T09:17:58.574+0800,上班,,雪松,True
2021-10-29T09:18:16.070+0800,2021-10-29T09:55:00.196+0800,Leetcode,,雪松,True
2021-10-29T10:07:44.567+0800,2021-10-29T11:56:53.358+0800,Leetcode,,雪松,True
2021-10-29T11:57:13.958+0800,2021-10-29T13:08:20.016+0800,吃午饭,,雪松,True
2021-10-29T14:05:59.579+0800,2021-10-29T15:18:31.869+0800,工作,上传config模块,雪松,True
2021-10-29T15:18:35.271+0800,2021-10-29T16:26:16.646+0800,工作,上传uibase,雪松,True
2021-10-29T16:27:01.974+0800,2021-10-29T18:27:01.974+0800,工作,,雪松,True
2021-10-29T20:45:36.786+0800,2021-10-29T21:51:55.526+0800,下班,,雪松,True
2021-10-29T21:52:19.170+0800,2021-10-29T22:36:48.369+0800,洗漱,,雪松,True
2021-10-30T11:29:07.657+0800,2021-10-30T11:53:24.976+0800,做家务,,雪松,True
2021-10-30T21:49:19.844+0800,2021-10-30T22:20:02.480+0800,洗漱,,雪松,True
2021-10-31T21:07:37.536+0800,2021-10-31T21:46:54.265+0800,洗澡,,雪松,True